#Point-by-point error evaluated for the Solvent differentials.
#Q(Ang^(-1)   DS/DT     DS/Drho
0.005253	0.000000	0.000000
0.011297	0.000000	0.000000
0.017342	0.000000	0.000000
0.023387	0.000000	0.000000
0.029432	0.000000	0.000000
0.035477	0.000000	0.000000
0.041521	0.000000	0.000000
0.047566	0.000000	0.000000
0.053611	0.000000	0.000000
0.059656	0.000000	0.000000
0.065700	0.000000	0.000000
0.071745	0.000000	0.000000
0.077790	0.000000	0.000000
0.083835	0.000000	0.000000
0.089880	0.000000	0.000000
0.095924	0.000000	0.000000
0.101969	0.000000	0.000000
0.108014	0.000000	0.000000
0.114059	0.000000	0.000000
0.120103	0.000000	0.000000
0.126148	0.000000	0.000000
0.132193	0.000000	0.000000
0.138238	0.000000	0.000000
0.144283	0.000000	0.000000
0.150327	0.000000	0.000000
0.156372	0.000000	0.000000
0.162417	0.000000	0.000000
0.168462	0.000000	0.000000
0.174506	0.000000	0.000000
0.180551	0.000000	0.000000
0.186596	0.000000	0.000000
0.192641	0.000000	0.000000
0.198685	0.000000	0.000000
0.204730	0.000000	0.000000
0.210775	0.000000	0.000000
0.216820	0.000000	0.000000
0.222865	0.000000	0.000000
0.228909	0.000000	0.000000
0.234954	0.000000	0.000000
0.240999	0.000000	0.000000
0.247044	0.000000	0.000000
0.253088	0.000000	0.000000
0.259133	0.000000	0.000000
0.265178	0.000000	0.000000
0.271223	0.000000	0.000000
0.277268	0.000000	0.000000
0.283312	0.000000	0.000000
0.289357	0.000000	0.000000
0.295402	0.000000	0.000000
0.301447	0.000000	0.000000
0.307491	0.000000	0.000000
0.313536	0.000000	0.000000
0.319581	0.000000	0.000000
0.325626	0.000000	0.000000
0.331671	0.000000	0.000000
0.337715	0.000000	0.000000
0.343760	0.000000	0.000000
0.349805	0.000000	0.000000
0.355850	0.000000	0.000000
0.361894	0.000000	0.000000
0.367939	0.001549	0.001460
0.373984	0.001611	0.001421
0.380029	0.001661	0.001379
0.386074	0.001676	0.001363
0.392118	0.001711	0.001433
0.398163	0.001659	0.001516
0.404208	0.001614	0.001623
0.410253	0.001582	0.001697
0.416297	0.001558	0.001709
0.422342	0.001480	0.001629
0.428387	0.001457	0.001567
0.434432	0.001428	0.001458
0.440477	0.001398	0.001388
0.446521	0.001366	0.001330
0.452566	0.001370	0.001309
0.458611	0.001367	0.001278
0.464656	0.001358	0.001222
0.470700	0.001343	0.001147
0.476745	0.001298	0.001047
0.482790	0.001264	0.000980
0.488835	0.001185	0.000893
0.494880	0.001119	0.000864
0.500924	0.001059	0.000851
0.506969	0.001017	0.000863
0.513014	0.000971	0.000838
0.519059	0.000973	0.000853
0.525103	0.000992	0.000879
0.531148	0.001017	0.000904
0.537193	0.001055	0.000936
0.543238	0.001082	0.000967
0.549283	0.001099	0.000983
0.555327	0.001089	0.000976
0.561372	0.001073	0.000972
0.567417	0.001056	0.000969
0.573462	0.001039	0.000965
0.579506	0.001033	0.000980
0.585551	0.001036	0.001003
0.591596	0.001036	0.001005
0.597641	0.001012	0.000989
0.603686	0.000954	0.000955
0.609730	0.000882	0.000894
0.615775	0.000806	0.000846
0.621820	0.000732	0.000809
0.627865	0.000682	0.000788
0.633909	0.000657	0.000774
0.639954	0.000637	0.000744
0.645999	0.000598	0.000718
0.652044	0.000559	0.000692
0.658089	0.000518	0.000665
0.664133	0.000492	0.000648
0.670178	0.000478	0.000652
0.676223	0.000484	0.000647
0.682268	0.000491	0.000635
0.688312	0.000498	0.000630
0.694357	0.000506	0.000624
0.700402	0.000498	0.000607
0.706447	0.000493	0.000568
0.712492	0.000470	0.000530
0.718536	0.000448	0.000487
0.724581	0.000434	0.000466
0.730626	0.000436	0.000454
0.736671	0.000456	0.000472
0.742715	0.000492	0.000495
0.748760	0.000521	0.000508
0.754805	0.000545	0.000495
0.760850	0.000556	0.000475
0.766895	0.000541	0.000447
0.772939	0.000530	0.000480
0.778984	0.000521	0.000525
0.785029	0.000529	0.000591
0.791074	0.000546	0.000663
0.797118	0.000583	0.000728
0.803163	0.000617	0.000748
0.809208	0.000633	0.000762
0.815253	0.000621	0.000765
0.821298	0.000602	0.000776
0.827342	0.000563	0.000794
0.833387	0.000525	0.000803
0.839432	0.000521	0.000817
0.845477	0.000526	0.000823
0.851521	0.000533	0.000826
0.857566	0.000560	0.000824
0.863611	0.000597	0.000819
0.869656	0.000624	0.000813
0.875701	0.000652	0.000813
0.881745	0.000681	0.000806
0.887790	0.000696	0.000795
0.893835	0.000701	0.000762
0.899880	0.000702	0.000730
0.905924	0.000706	0.000694
0.911969	0.000706	0.000660
0.918014	0.000710	0.000638
0.924059	0.000700	0.000620
0.930103	0.000690	0.000600
0.936148	0.000665	0.000587
0.942193	0.000644	0.000575
0.948238	0.000625	0.000554
0.954283	0.000609	0.000557
0.960327	0.000594	0.000565
0.966372	0.000576	0.000559
0.972417	0.000556	0.000560
0.978462	0.000514	0.000541
0.984506	0.000481	0.000505
0.990551	0.000450	0.000478
0.996596	0.000437	0.000474
1.002641	0.000427	0.000489
1.008686	0.000427	0.000521
1.014730	0.000422	0.000554
1.020775	0.000411	0.000572
1.026820	0.000411	0.000576
1.032865	0.000428	0.000558
1.038909	0.000452	0.000550
1.044954	0.000482	0.000558
1.050999	0.000520	0.000569
1.057044	0.000569	0.000596
1.063089	0.000601	0.000625
1.069133	0.000624	0.000640
1.075178	0.000653	0.000635
1.081223	0.000684	0.000625
1.087268	0.000683	0.000598
1.093312	0.000686	0.000581
1.099357	0.000706	0.000593
1.105402	0.000727	0.000612
1.111447	0.000739	0.000622
1.117492	0.000753	0.000625
1.123536	0.000765	0.000613
1.129581	0.000767	0.000582
1.135626	0.000766	0.000555
1.141671	0.000763	0.000546
1.147715	0.000760	0.000542
1.153760	0.000727	0.000543
1.159805	0.000691	0.000543
1.165850	0.000656	0.000546
1.171895	0.000617	0.000548
1.177939	0.000581	0.000550
1.183984	0.000568	0.000546
1.190029	0.000559	0.000559
1.196074	0.000556	0.000574
1.202118	0.000545	0.000584
1.208163	0.000526	0.000593
1.214208	0.000513	0.000608
1.220253	0.000504	0.000607
1.226298	0.000488	0.000582
1.232342	0.000486	0.000566
1.238387	0.000491	0.000549
1.244432	0.000496	0.000528
1.250477	0.000498	0.000506
1.256521	0.000506	0.000505
1.262566	0.000508	0.000500
1.268611	0.000509	0.000500
1.274656	0.000508	0.000505
1.280701	0.000547	0.000519
1.286745	0.000590	0.000547
1.292790	0.000628	0.000563
1.298835	0.000656	0.000565
1.304880	0.000684	0.000562
1.310924	0.000651	0.000539
1.316969	0.000613	0.000511
1.323014	0.000590	0.000496
1.329059	0.000589	0.000498
1.335104	0.000594	0.000531
1.341148	0.000613	0.000574
1.347193	0.000622	0.000599
1.353238	0.000620	0.000617
1.359283	0.000624	0.000630
1.365327	0.000624	0.000615
1.371372	0.000629	0.000600
1.377417	0.000640	0.000605
1.383462	0.000661	0.000627
1.389507	0.000696	0.000674
1.395551	0.000725	0.000716
1.401596	0.000731	0.000774
1.407641	0.000732	0.000804
1.413686	0.000728	0.000815
1.419730	0.000690	0.000796
1.425775	0.000657	0.000777
1.431820	0.000662	0.000751
1.437865	0.000680	0.000757
1.443910	0.000700	0.000781
1.449954	0.000724	0.000809
1.455999	0.000750	0.000838
1.462044	0.000762	0.000861
1.468089	0.000757	0.000862
1.474133	0.000753	0.000853
1.480178	0.000749	0.000841
1.486223	0.000758	0.000835
1.492268	0.000764	0.000827
1.498313	0.000757	0.000820
1.504357	0.000733	0.000803
1.510402	0.000699	0.000772
1.516447	0.000671	0.000737
1.522492	0.000650	0.000691
1.528536	0.000661	0.000655
1.534581	0.000716	0.000652
1.540626	0.000783	0.000688
1.546671	0.000823	0.000743
1.552716	0.000837	0.000787
1.558760	0.000831	0.000807
1.564805	0.000802	0.000821
1.570850	0.000791	0.000837
1.576895	0.000833	0.000837
1.582939	0.000912	0.000866
1.588984	0.000986	0.000909
1.595029	0.001038	0.000925
1.601074	0.001055	0.000914
1.607118	0.001017	0.000905
1.613163	0.000977	0.000876
1.619208	0.000958	0.000858
1.625253	0.000967	0.000853
1.631298	0.001031	0.000857
1.637342	0.001102	0.000859
1.643387	0.001163	0.000875
1.649432	0.001173	0.000883
1.655477	0.001126	0.000879
1.661521	0.001040	0.000860
1.667566	0.000972	0.000851
1.673611	0.000927	0.000848
1.679656	0.000934	0.000844
1.685701	0.001012	0.000850
1.691745	0.001056	0.000861
1.697790	0.001051	0.000862
1.703835	0.001025	0.000856
1.709880	0.001003	0.000853
1.715924	0.000957	0.000857
1.721969	0.000956	0.000863
1.728014	0.000989	0.000868
1.734059	0.001041	0.000876
1.740104	0.001077	0.000882
1.746148	0.001095	0.000879
1.752193	0.001041	0.000882
1.758238	0.000987	0.000876
1.764283	0.000914	0.000873
1.770327	0.000854	0.000869
1.776372	0.000811	0.000849
1.782417	0.000824	0.000811
1.788462	0.000834	0.000773
1.794507	0.000845	0.000751
1.800551	0.000821	0.000729
1.806596	0.000788	0.000725
1.812641	0.000759	0.000729
1.818686	0.000740	0.000748
1.824730	0.000723	0.000749
1.830775	0.000736	0.000755
1.836820	0.000754	0.000750
1.842865	0.000769	0.000745
1.848910	0.000776	0.000736
1.854954	0.000770	0.000705
1.860999	0.000759	0.000666
1.867044	0.000755	0.000643
1.873089	0.000779	0.000621
1.879133	0.000802	0.000610
1.885178	0.000827	0.000618
1.891223	0.000860	0.000637
1.897268	0.000879	0.000655
1.903313	0.000873	0.000668
1.909357	0.000867	0.000673
1.915402	0.000859	0.000662
1.921447	0.000839	0.000670
1.927492	0.000832	0.000677
1.933536	0.000823	0.000680
1.939581	0.000811	0.000678
1.945626	0.000800	0.000693
1.951671	0.000797	0.000677
1.957716	0.000774	0.000666
1.963760	0.000754	0.000663
1.969805	0.000736	0.000665
1.975850	0.000731	0.000684
1.981895	0.000720	0.000702
1.987939	0.000736	0.000732
1.993984	0.000753	0.000762
2.000029	0.000745	0.000784
2.006074	0.000773	0.000787
2.012119	0.000804	0.000786
2.018163	0.000825	0.000769
2.024208	0.000834	0.000749
2.030253	0.000863	0.000737
2.036298	0.000849	0.000757
2.042342	0.000852	0.000784
2.048387	0.000874	0.000811
2.054432	0.000906	0.000838
2.060477	0.000937	0.000864
2.066522	0.000957	0.000862
2.072566	0.000941	0.000852
2.078611	0.000905	0.000843
2.084656	0.000869	0.000835
2.090701	0.000844	0.000834
2.096745	0.000855	0.000855
2.102790	0.000900	0.000899
2.108835	0.000948	0.000919
2.114880	0.000995	0.000938
2.120925	0.001005	0.000908
2.126969	0.000951	0.000843
2.133014	0.000901	0.000819
2.139059	0.000851	0.000855
2.145104	0.000822	0.000915
2.151148	0.000834	0.001024
2.157193	0.000889	0.001108
2.163238	0.000910	0.001134
2.169283	0.000929	0.001131
2.175328	0.000929	0.001116
2.181372	0.000923	0.001101
2.187417	0.000913	0.001120
2.193462	0.000902	0.001142
2.199507	0.000898	0.001155
2.205551	0.000891	0.001157
2.211596	0.000839	0.001134
2.217641	0.000772	0.001090
2.223686	0.000708	0.001042
2.229731	0.000641	0.000990
2.235775	0.000578	0.000945
2.241820	0.000567	0.000927
2.247865	0.000579	0.000916
2.253910	0.000587	0.000853
2.259954	0.000601	0.000780
2.265999	0.000595	0.000717
2.272044	0.000579	0.000659
2.278089	0.000559	0.000606
2.284134	0.000528	0.000595
2.290178	0.000487	0.000580
2.296223	0.000462	0.000563
2.302268	0.000436	0.000533
2.308313	0.000439	0.000515
2.314357	0.000477	0.000525
2.320402	0.000527	0.000559
2.326447	0.000579	0.000581
2.332492	0.000624	0.000616
2.338536	0.000633	0.000656
2.344581	0.000631	0.000689
2.350626	0.000621	0.000713
2.356671	0.000614	0.000730
2.362716	0.000614	0.000730
2.368760	0.000621	0.000720
2.374805	0.000615	0.000702
2.380850	0.000608	0.000685
2.386895	0.000610	0.000671
2.392939	0.000609	0.000668
2.398984	0.000602	0.000669
2.405029	0.000601	0.000674
2.411074	0.000593	0.000682
2.417119	0.000573	0.000695
2.423163	0.000558	0.000691
2.429208	0.000535	0.000676
2.435253	0.000516	0.000660
2.441298	0.000505	0.000643
2.447342	0.000488	0.000616
2.453387	0.000468	0.000573
2.459432	0.000462	0.000535
2.465477	0.000454	0.000498
2.471522	0.000453	0.000491
2.477566	0.000456	0.000500
2.483611	0.000474	0.000537
2.489656	0.000494	0.000574
2.495701	0.000529	0.000609
2.501745	0.000555	0.000611
2.507790	0.000581	0.000607
2.513835	0.000581	0.000605
2.519880	0.000575	0.000592
2.525925	0.000546	0.000581
2.531969	0.000523	0.000576
2.538014	0.000503	0.000569
2.544059	0.000505	0.000566
2.550104	0.000506	0.000573
2.556148	0.000519	0.000580
2.562193	0.000511	0.000577
2.568238	0.000500	0.000576
2.574283	0.000460	0.000581
2.580328	0.000424	0.000584
2.586372	0.000389	0.000570
2.592417	0.000375	0.000546
2.598462	0.000362	0.000521
2.604507	0.000360	0.000484
2.610551	0.000356	0.000450
2.616596	0.000345	0.000432
2.622641	0.000326	0.000436
2.628686	0.000304	0.000444
2.634731	0.000291	0.000451
2.640775	0.000285	0.000457
2.646820	0.000290	0.000462
2.652865	0.000294	0.000462
2.658910	0.000299	0.000460
2.664954	0.000311	0.000460
2.670999	0.000319	0.000454
2.677044	0.000324	0.000465
2.683089	0.000332	0.000507
2.689134	0.000342	0.000552
2.695178	0.000358	0.000620
2.701223	0.000377	0.000678
2.707268	0.000399	0.000701
2.713313	0.000419	0.000682
2.719357	0.000436	0.000658
2.725402	0.000467	0.000642
2.731447	0.000497	0.000656
2.737492	0.000535	0.000706
2.743537	0.000581	0.000761
2.749581	0.000630	0.000817
2.755626	0.000659	0.000839
2.761671	0.000683	0.000834
2.767716	0.000698	0.000799
2.773760	0.000709	0.000766
2.779805	0.000737	0.000742
2.785850	0.000780	0.000723
2.791895	0.000844	0.000750
2.797940	0.000895	0.000773
2.803984	0.000923	0.000788
2.810029	0.000915	0.000787
2.816074	0.000876	0.000760
2.822119	0.000823	0.000712
2.828163	0.000791	0.000693
2.834208	0.000778	0.000683
2.840253	0.000780	0.000682
2.846298	0.000780	0.000694
2.852343	0.000775	0.000698
2.858387	0.000739	0.000685
2.864432	0.000688	0.000674
2.870477	0.000632	0.000663
2.876522	0.000587	0.000656
2.882566	0.000539	0.000647
2.888611	0.000504	0.000640
2.894656	0.000483	0.000628
2.900701	0.000461	0.000619
2.906746	0.000440	0.000608
2.912790	0.000424	0.000592
2.918835	0.000414	0.000574
2.924880	0.000406	0.000562
2.930925	0.000414	0.000555
2.936969	0.000419	0.000550
2.943014	0.000421	0.000560
2.949059	0.000415	0.000565
2.955104	0.000400	0.000530
2.961149	0.000375	0.000488
2.967193	0.000361	0.000455
2.973238	0.000347	0.000413
2.979283	0.000347	0.000400
2.985328	0.000358	0.000427
2.991372	0.000367	0.000466
2.997417	0.000363	0.000486
3.003462	0.000357	0.000506
3.009507	0.000362	0.000499
3.015551	0.000377	0.000486
3.021596	0.000391	0.000461
3.027641	0.000411	0.000452
3.033686	0.000427	0.000448
3.039731	0.000438	0.000448
3.045775	0.000455	0.000453
3.051820	0.000481	0.000455
3.057865	0.000511	0.000456
3.063910	0.000548	0.000434
3.069954	0.000572	0.000411
3.075999	0.000578	0.000391
3.082044	0.000564	0.000369
3.088089	0.000542	0.000349
3.094134	0.000518	0.000350
3.100178	0.000493	0.000352
3.106223	0.000483	0.000355
3.112268	0.000485	0.000356
3.118313	0.000487	0.000357
3.124357	0.000501	0.000359
3.130402	0.000506	0.000362
3.136447	0.000499	0.000354
3.142492	0.000505	0.000351
3.148537	0.000517	0.000343
3.154581	0.000517	0.000330
3.160626	0.000515	0.000314
3.166671	0.000511	0.000308
3.172716	0.000497	0.000300
3.178760	0.000484	0.000286
3.184805	0.000474	0.000271
3.190850	0.000480	0.000259
3.196895	0.000491	0.000246
3.202940	0.000500	0.000240
3.208984	0.000510	0.000240
3.215029	0.000519	0.000248
3.221074	0.000524	0.000256
3.227119	0.000525	0.000268
3.233163	0.000510	0.000281
3.239208	0.000492	0.000293
3.245253	0.000470	0.000310
3.251298	0.000444	0.000325
3.257343	0.000413	0.000338
3.263387	0.000389	0.000346
3.269432	0.000365	0.000352
3.275477	0.000347	0.000352
3.281522	0.000337	0.000353
3.287566	0.000338	0.000355
3.293611	0.000347	0.000358
3.299656	0.000357	0.000365
3.305701	0.000365	0.000374
3.311746	0.000369	0.000383
3.317790	0.000369	0.000393
3.323835	0.000372	0.000402
3.329880	0.000387	0.000411
3.335925	0.000402	0.000421
3.341969	0.000416	0.000423
3.348014	0.000426	0.000423
3.354059	0.000430	0.000419
3.360104	0.000417	0.000413
3.366149	0.000404	0.000408
3.372193	0.000392	0.000413
3.378238	0.000381	0.000406
3.384283	0.000373	0.000397
3.390328	0.000363	0.000390
3.396372	0.000359	0.000382
3.402417	0.000354	0.000379
3.408462	0.000351	0.000388
3.414507	0.000346	0.000397
3.420552	0.000354	0.000404
3.426596	0.000354	0.000407
3.432641	0.000355	0.000403
3.438686	0.000349	0.000396
3.444731	0.000356	0.000396
3.450775	0.000360	0.000397
3.456820	0.000357	0.000398
3.462865	0.000354	0.000403
3.468910	0.000352	0.000413
3.474955	0.000335	0.000423
3.480999	0.000318	0.000429
3.487044	0.000309	0.000428
3.493089	0.000301	0.000421
3.499134	0.000301	0.000414
3.505178	0.000304	0.000405
3.511223	0.000302	0.000398
3.517268	0.000302	0.000399
3.523313	0.000300	0.000403
3.529358	0.000297	0.000406
3.535402	0.000294	0.000410
3.541447	0.000292	0.000414
3.547492	0.000285	0.000409
3.553537	0.000278	0.000398
3.559581	0.000271	0.000388
3.565626	0.000263	0.000376
3.571671	0.000256	0.000364
3.577716	0.000257	0.000361
3.583761	0.000256	0.000360
3.589805	0.000254	0.000356
3.595850	0.000252	0.000350
3.601895	0.000257	0.000342
3.607940	0.000258	0.000314
3.613984	0.000254	0.000278
3.620029	0.000250	0.000252
3.626074	0.000246	0.000225
3.632119	0.000236	0.000200
3.638164	0.000227	0.000198
3.644208	0.000225	0.000214
3.650253	0.000228	0.000229
3.656298	0.000236	0.000254
3.662343	0.000249	0.000280
3.668387	0.000265	0.000301
3.674432	0.000278	0.000326
3.680477	0.000295	0.000354
3.686522	0.000312	0.000380
3.692567	0.000334	0.000410
3.698611	0.000356	0.000442
3.704656	0.000379	0.000464
3.710701	0.000396	0.000476
3.716746	0.000407	0.000478
3.722790	0.000412	0.000477
3.728835	0.000412	0.000474
3.734880	0.000413	0.000469
3.740925	0.000414	0.000462
3.746969	0.000414	0.000459
3.753014	0.000410	0.000451
3.759059	0.000408	0.000442
3.765104	0.000402	0.000427
3.771149	0.000391	0.000409
3.777193	0.000378	0.000394
3.783238	0.000367	0.000383
3.789283	0.000355	0.000366
3.795328	0.000343	0.000350
3.801372	0.000339	0.000345
3.807417	0.000338	0.000337
3.813462	0.000340	0.000331
3.819507	0.000342	0.000333
3.825552	0.000346	0.000347
3.831596	0.000345	0.000352
3.837641	0.000332	0.000353
3.843686	0.000311	0.000351
3.849731	0.000295	0.000347
3.855775	0.000284	0.000340
3.861820	0.000273	0.000337
3.867865	0.000274	0.000341
3.873910	0.000288	0.000345
3.879955	0.000296	0.000355
3.885999	0.000302	0.000364
3.892044	0.000307	0.000367
3.898089	0.000311	0.000363
3.904134	0.000307	0.000362
3.910178	0.000305	0.000362
3.916223	0.000303	0.000374
3.922268	0.000309	0.000414
3.928313	0.000313	0.000454
3.934358	0.000316	0.000482
3.940402	0.000320	0.000489
3.946447	0.000325	0.000494
3.952492	0.000326	0.000484
3.958537	0.000329	0.000487
3.964581	0.000336	0.000508
3.970626	0.000342	0.000551
3.976671	0.000336	0.000572
3.982716	0.000329	0.000577
3.988761	0.000321	0.000565
3.994805	0.000313	0.000540
4.000850	0.000309	0.000510
4.006895	0.000322	0.000502
4.012940	0.000336	0.000519
4.018984	0.000350	0.000548
4.025029	0.000358	0.000571
4.031074	0.000363	0.000582
4.037119	0.000359	0.000560
4.043164	0.000355	0.000506
4.049208	0.000355	0.000447
4.055253	0.000357	0.000408
4.061298	0.000359	0.000382
4.067343	0.000363	0.000376
4.073387	0.000366	0.000387
4.079432	0.000364	0.000391
4.085477	0.000365	0.000381
4.091522	0.000367	0.000378
4.097567	0.000366	0.000381
4.103611	0.000366	0.000381
4.109656	0.000366	0.000389
4.115701	0.000358	0.000393
4.121746	0.000359	0.000397
4.127790	0.000365	0.000399
4.133835	0.000365	0.000401
4.139880	0.000359	0.000401
4.145925	0.000358	0.000403
4.151970	0.000340	0.000400
4.158014	0.000321	0.000397
4.164059	0.000300	0.000394
4.170104	0.000285	0.000391
4.176149	0.000271	0.000388
4.182193	0.000262	0.000385
4.188238	0.000256	0.000384
4.194283	0.000255	0.000385
4.200328	0.000252	0.000383
4.206373	0.000249	0.000382
4.212417	0.000247	0.000382
4.218462	0.000250	0.000377
4.224507	0.000256	0.000366
4.230552	0.000263	0.000354
4.236596	0.000262	0.000337
4.242641	0.000256	0.000321
4.248686	0.000243	0.000305
4.254731	0.000228	0.000291
4.260776	0.000216	0.000282
4.266820	0.000217	0.000282
4.272865	0.000223	0.000280
4.278910	0.000225	0.000282
4.284955	0.000226	0.000289
4.290999	0.000225	0.000303
4.297044	0.000219	0.000316
4.303089	0.000212	0.000330
4.309134	0.000209	0.000340
4.315179	0.000209	0.000346
4.321223	0.000217	0.000339
4.327268	0.000227	0.000315
4.333313	0.000231	0.000292
4.339358	0.000229	0.000271
4.345402	0.000224	0.000255
4.351447	0.000210	0.000251
4.357492	0.000196	0.000268
4.363537	0.000186	0.000285
4.369582	0.000184	0.000306
4.375626	0.000197	0.000321
4.381671	0.000217	0.000328
4.387716	0.000237	0.000334
4.393761	0.000259	0.000341
4.399805	0.000279	0.000341
4.405850	0.000284	0.000346
4.411895	0.000281	0.000350
4.417940	0.000279	0.000350
4.423984	0.000283	0.000351
4.430029	0.000292	0.000359
4.436074	0.000295	0.000368
4.442119	0.000305	0.000377
4.448164	0.000317	0.000388
4.454208	0.000318	0.000394
4.460253	0.000312	0.000394
4.466298	0.000320	0.000401
4.472343	0.000323	0.000410
4.478387	0.000328	0.000422
4.484432	0.000345	0.000436
4.490477	0.000368	0.000444
4.496522	0.000366	0.000436
4.502567	0.000363	0.000428
4.508611	0.000366	0.000416
4.514656	0.000360	0.000406
4.520701	0.000355	0.000399
4.526746	0.000370	0.000403
4.532790	0.000385	0.000402
4.538835	0.000392	0.000394
4.544880	0.000393	0.000368
4.550925	0.000402	0.000347
4.556970	0.000415	0.000329
4.563014	0.000425	0.000311
4.569059	0.000442	0.000307
4.575104	0.000464	0.000315
4.581149	0.000467	0.000307
4.587193	0.000456	0.000290
4.593238	0.000446	0.000272
4.599283	0.000420	0.000248
4.605328	0.000393	0.000235
4.611373	0.000379	0.000239
4.617417	0.000369	0.000240
4.623462	0.000358	0.000243
4.629507	0.000357	0.000246
4.635552	0.000363	0.000244
4.641596	0.000366	0.000234
4.647641	0.000360	0.000237
4.653686	0.000353	0.000241
4.659731	0.000341	0.000242
4.665776	0.000332	0.000243
4.671820	0.000322	0.000244
4.677865	0.000328	0.000242
4.683910	0.000336	0.000239
4.689955	0.000339	0.000236
4.695999	0.000333	0.000231
4.702044	0.000329	0.000228
4.708089	0.000328	0.000225
4.714134	0.000327	0.000220
4.720179	0.000340	0.000227
4.726223	0.000351	0.000240
4.732268	0.000361	0.000252
4.738313	0.000366	0.000256
4.744358	0.000370	0.000268
4.750402	0.000368	0.000282
4.756447	0.000369	0.000289
4.762492	0.000371	0.000297
4.768537	0.000373	0.000314
4.774582	0.000376	0.000322
4.780626	0.000377	0.000321
4.786671	0.000378	0.000321
4.792716	0.000379	0.000318
4.798761	0.000377	0.000317
4.804805	0.000373	0.000318
4.810850	0.000368	0.000319
4.816895	0.000363	0.000319
4.822940	0.000358	0.000321
4.828985	0.000355	0.000321
4.835029	0.000338	0.000313
4.841074	0.000315	0.000298
4.847119	0.000292	0.000282
4.853164	0.000274	0.000267
4.859208	0.000258	0.000252
4.865253	0.000258	0.000232
4.871298	0.000268	0.000223
4.877343	0.000277	0.000210
4.883388	0.000276	0.000196
4.889432	0.000262	0.000182
4.895477	0.000257	0.000180
4.901522	0.000249	0.000173
4.907567	0.000245	0.000170
4.913611	0.000246	0.000169
4.919656	0.000257	0.000169
4.925701	0.000258	0.000174
4.931746	0.000252	0.000192
4.937791	0.000243	0.000209
4.943835	0.000233	0.000225
4.949880	0.000224	0.000242
4.955925	0.000217	0.000256
4.961970	0.000216	0.000260
4.968014	0.000217	0.000263
4.974059	0.000213	0.000266
4.980104	0.000209	0.000267
4.986149	0.000211	0.000267
4.992194	0.000215	0.000270
4.998238	0.000219	0.000272
5.004283	0.000230	0.000281
5.010328	0.000246	0.000299
5.016373	0.000255	0.000314
5.022417	0.000261	0.000327
5.028462	0.000271	0.000342
5.034507	0.000274	0.000348
5.040552	0.000286	0.000347
5.046597	0.000307	0.000347
5.052641	0.000328	0.000348
5.058686	0.000347	0.000341
5.064731	0.000372	0.000341
5.070776	0.000383	0.000340
5.076820	0.000387	0.000341
5.082865	0.000391	0.000345
5.088910	0.000394	0.000351
5.094955	0.000396	0.000347
5.100999	0.000395	0.000335
5.107044	0.000389	0.000317
5.113089	0.000385	0.000300
5.119134	0.000380	0.000283
5.125179	0.000374	0.000267
5.131223	0.000371	0.000261
5.137268	0.000364	0.000255
5.143313	0.000356	0.000249
5.149358	0.000355	0.000249
5.155402	0.000350	0.000253
5.161447	0.000336	0.000256
5.167492	0.000328	0.000264
5.173537	0.000320	0.000269
5.179582	0.000312	0.000275
5.185626	0.000316	0.000287
5.191671	0.000337	0.000301
5.197716	0.000356	0.000312
5.203761	0.000376	0.000324
5.209805	0.000397	0.000334
5.215850	0.000409	0.000337
5.221895	0.000415	0.000339
5.227940	0.000421	0.000340
5.233985	0.000427	0.000339
5.240029	0.000426	0.000336
5.246074	0.000424	0.000330
5.252119	0.000426	0.000330
5.258164	0.000426	0.000334
5.264208	0.000418	0.000335
5.270253	0.000405	0.000336
5.276298	0.000390	0.000343
5.282343	0.000377	0.000345
5.288388	0.000361	0.000344
5.294432	0.000348	0.000350
5.300477	0.000334	0.000354
5.306522	0.000320	0.000357
5.312567	0.000304	0.000359
5.318611	0.000291	0.000362
5.324656	0.000282	0.000364
5.330701	0.000282	0.000368
5.336746	0.000278	0.000366
5.342791	0.000272	0.000361
5.348835	0.000263	0.000355
5.354880	0.000252	0.000347
5.360925	0.000242	0.000342
5.366970	0.000232	0.000338
5.373014	0.000223	0.000337
5.379059	0.000216	0.000338
5.385104	0.000213	0.000338
5.391149	0.000208	0.000329
5.397194	0.000205	0.000325
5.403238	0.000205	0.000318
5.409283	0.000205	0.000301
5.415328	0.000204	0.000283
5.421373	0.000205	0.000271
5.427417	0.000203	0.000257
5.433462	0.000204	0.000245
5.439507	0.000208	0.000249
5.445552	0.000216	0.000258
5.451597	0.000224	0.000266
5.457641	0.000243	0.000277
5.463686	0.000276	0.000300
5.469731	0.000310	0.000317
5.475776	0.000340	0.000331
5.481820	0.000370	0.000345
5.487865	0.000392	0.000357
5.493910	0.000400	0.000356
5.499955	0.000404	0.000355
5.506000	0.000409	0.000355
5.512044	0.000414	0.000355
5.518089	0.000415	0.000359
5.524134	0.000416	0.000365
5.530179	0.000414	0.000370
5.536223	0.000411	0.000375
5.542268	0.000405	0.000380
5.548313	0.000398	0.000376
5.554358	0.000392	0.000363
5.560403	0.000390	0.000348
5.566447	0.000388	0.000336
5.572492	0.000379	0.000318
5.578537	0.000351	0.000292
5.584582	0.000323	0.000267
5.590626	0.000293	0.000249
5.596671	0.000262	0.000229
5.602716	0.000237	0.000214
5.608761	0.000231	0.000211
5.614806	0.000222	0.000216
5.620850	0.000217	0.000215
5.626895	0.000216	0.000214
5.632940	0.000222	0.000216
5.638985	0.000228	0.000212
5.645029	0.000234	0.000207
5.651074	0.000237	0.000203
5.657119	0.000237	0.000201
5.663164	0.000237	0.000207
5.669209	0.000236	0.000225
5.675253	0.000234	0.000241
5.681298	0.000235	0.000272
5.687343	0.000240	0.000305
5.693388	0.000245	0.000329
5.699432	0.000254	0.000348
5.705477	0.000261	0.000371
5.711522	0.000268	0.000383
5.717567	0.000272	0.000384
5.723612	0.000280	0.000382
5.729656	0.000285	0.000381
5.735701	0.000284	0.000379
5.741746	0.000276	0.000374
5.747791	0.000268	0.000378
5.753835	0.000261	0.000391
5.759880	0.000256	0.000405
5.765925	0.000258	0.000414
5.771970	0.000267	0.000418
5.778015	0.000273	0.000397
5.784059	0.000276	0.000355
5.790104	0.000278	0.000313
5.796149	0.000280	0.000270
5.802194	0.000282	0.000229
5.808238	0.000294	0.000210
5.814283	0.000312	0.000206
5.820328	0.000328	0.000201
5.826373	0.000339	0.000192
5.832417	0.000341	0.000183
5.838462	0.000332	0.000174
5.844507	0.000326	0.000171
5.850552	0.000318	0.000175
5.856597	0.000313	0.000184
5.862641	0.000320	0.000193
5.868686	0.000333	0.000203
5.874731	0.000346	0.000204
5.880776	0.000369	0.000201
5.886820	0.000394	0.000199
5.892865	0.000414	0.000202
5.898910	0.000427	0.000208
5.904955	0.000418	0.000232
5.911000	0.000397	0.000264
5.917044	0.000382	0.000296
5.923089	0.000388	0.000324
5.929134	0.000409	0.000346
5.935179	0.000443	0.000347
5.941223	0.000482	0.000333
5.947268	0.000513	0.000323
5.953313	0.000521	0.000335
5.959358	0.000497	0.000350
5.965403	0.000460	0.000363
5.971447	0.000429	0.000384
5.977492	0.000399	0.000401
5.983537	0.000373	0.000401
5.989582	0.000373	0.000398
5.995626	0.000382	0.000394
6.001671	0.000386	0.000380
6.007716	0.000391	0.000366
6.013761	0.000396	0.000357
6.019806	0.000396	0.000357
6.025850	0.000398	0.000360
6.031895	0.000402	0.000370
6.037940	0.000402	0.000380
6.043985	0.000402	0.000383
6.050029	0.000404	0.000382
6.056074	0.000403	0.000387
6.062119	0.000402	0.000392
6.068164	0.000402	0.000394
6.074209	0.000403	0.000395
6.080253	0.000397	0.000390
6.086298	0.000393	0.000382
6.092343	0.000392	0.000375
6.098388	0.000387	0.000364
6.104432	0.000377	0.000350
6.110477	0.000365	0.000340
6.116522	0.000350	0.000330
6.122567	0.000332	0.000319
6.128612	0.000321	0.000317
6.134656	0.000319	0.000314
6.140701	0.000321	0.000318
6.146746	0.000325	0.000327
6.152791	0.000334	0.000335
6.158835	0.000337	0.000343
6.164880	0.000339	0.000353
6.170925	0.000343	0.000362
6.176970	0.000341	0.000370
6.183015	0.000324	0.000377
6.189059	0.000312	0.000385
6.195104	0.000298	0.000394
6.201149	0.000286	0.000396
6.207194	0.000281	0.000396
6.213238	0.000293	0.000401
6.219283	0.000302	0.000403
6.225328	0.000312	0.000403
6.231373	0.000320	0.000401
6.237418	0.000321	0.000398
6.243462	0.000308	0.000392
6.249507	0.000289	0.000388
6.255552	0.000274	0.000373
6.261597	0.000259	0.000352
6.267641	0.000247	0.000332
6.273686	0.000246	0.000309
6.279731	0.000248	0.000289
6.285776	0.000250	0.000288
6.291821	0.000252	0.000303
6.297865	0.000253	0.000311
6.303910	0.000243	0.000307
6.309955	0.000228	0.000310
6.316000	0.000208	0.000312
6.322044	0.000185	0.000311
6.328089	0.000163	0.000314
6.334134	0.000152	0.000325
6.340179	0.000145	0.000329
6.346224	0.000141	0.000325
6.352268	0.000140	0.000317
6.358313	0.000144	0.000310
6.364358	0.000151	0.000305
6.370403	0.000159	0.000304
6.376447	0.000167	0.000306
6.382492	0.000179	0.000312
6.388537	0.000191	0.000317
6.394582	0.000204	0.000319
6.400627	0.000221	0.000313
6.406671	0.000237	0.000301
6.412716	0.000251	0.000287
6.418761	0.000260	0.000273
6.424806	0.000264	0.000269
6.430850	0.000265	0.000265
6.436895	0.000266	0.000265
6.442940	0.000269	0.000268
6.448985	0.000271	0.000276
6.455030	0.000274	0.000286
6.461074	0.000276	0.000300
6.467119	0.000280	0.000320
6.473164	0.000279	0.000348
6.479209	0.000279	0.000376
6.485253	0.000283	0.000401
6.491298	0.000287	0.000424
6.497343	0.000287	0.000444
6.503388	0.000287	0.000456
6.509432	0.000287	0.000466
6.515477	0.000285	0.000475
6.521522	0.000279	0.000488
6.527567	0.000278	0.000494
6.533612	0.000278	0.000495
6.539656	0.000280	0.000495
6.545701	0.000282	0.000493
6.551746	0.000290	0.000484
6.557791	0.000301	0.000470
6.563835	0.000311	0.000453
6.569880	0.000317	0.000434
6.575925	0.000321	0.000420
6.581970	0.000321	0.000407
6.588015	0.000316	0.000381
6.594059	0.000311	0.000350
6.600104	0.000309	0.000320
6.606149	0.000306	0.000286
6.612194	0.000303	0.000252
6.618238	0.000305	0.000244
6.624283	0.000316	0.000261
6.630328	0.000320	0.000289
6.636373	0.000316	0.000317
6.642418	0.000312	0.000345
6.648462	0.000310	0.000372
6.654507	0.000303	0.000382
6.660552	0.000305	0.000380
6.666597	0.000321	0.000380
6.672641	0.000336	0.000380
6.678686	0.000347	0.000377
6.684731	0.000359	0.000382
6.690776	0.000371	0.000386
6.696821	0.000375	0.000378
6.702865	0.000371	0.000363
6.708910	0.000363	0.000347
6.714955	0.000359	0.000325
6.721000	0.000355	0.000307
6.727044	0.000359	0.000308
6.733089	0.000372	0.000323
6.739134	0.000373	0.000326
6.745179	0.000358	0.000318
6.751224	0.000339	0.000308
6.757268	0.000328	0.000296
6.763313	0.000325	0.000278
6.769358	0.000332	0.000274
6.775403	0.000351	0.000282
6.781447	0.000371	0.000287
6.787492	0.000379	0.000286
6.793537	0.000381	0.000285
6.799582	0.000386	0.000281
6.805627	0.000377	0.000273
6.811671	0.000369	0.000267
6.817716	0.000358	0.000261
6.823761	0.000349	0.000256
6.829806	0.000346	0.000261
6.835850	0.000348	0.000271
6.841895	0.000350	0.000272
6.847940	0.000357	0.000270
6.853985	0.000363	0.000266
6.860030	0.000364	0.000254
6.866074	0.000371	0.000244
6.872119	0.000373	0.000241
6.878164	0.000363	0.000242
6.884209	0.000353	0.000246
6.890253	0.000353	0.000259
6.896298	0.000353	0.000271
6.902343	0.000347	0.000280
6.908388	0.000347	0.000287
6.914433	0.000351	0.000293
6.920477	0.000353	0.000298
6.926522	0.000361	0.000304
6.932567	0.000384	0.000312
6.938612	0.000404	0.000319
6.944656	0.000407	0.000315
6.950701	0.000405	0.000308
6.956746	0.000399	0.000302
6.962791	0.000388	0.000294
6.968836	0.000381	0.000292
6.974880	0.000385	0.000296
6.980925	0.000386	0.000296
6.986970	0.000384	0.000298
6.993015	0.000392	0.000301
6.999059	0.000396	0.000300
7.005104	0.000391	0.000299
7.011149	0.000380	0.000297
7.017194	0.000369	0.000295
7.023239	0.000348	0.000295
7.029283	0.000331	0.000297
7.035328	0.000324	0.000303
7.041373	0.000322	0.000311
7.047418	0.000324	0.000319
7.053462	0.000334	0.000325
7.059507	0.000345	0.000329
7.065552	0.000359	0.000333
7.071597	0.000375	0.000341
7.077642	0.000380	0.000340
7.083686	0.000379	0.000337
7.089731	0.000391	0.000347
7.095776	0.000407	0.000360
7.101821	0.000422	0.000369
7.107865	0.000434	0.000378
7.113910	0.000437	0.000390
7.119955	0.000424	0.000399
7.126000	0.000406	0.000408
7.132045	0.000393	0.000421
7.138089	0.000387	0.000440
7.144134	0.000389	0.000457
7.150179	0.000393	0.000462
7.156224	0.000397	0.000461
7.162268	0.000388	0.000448
7.168313	0.000373	0.000428
7.174358	0.000367	0.000413
7.180403	0.000362	0.000404
7.186448	0.000358	0.000405
7.192492	0.000360	0.000416
7.198537	0.000365	0.000424
7.204582	0.000351	0.000401
7.210627	0.000330	0.000358
7.216671	0.000312	0.000309
7.222716	0.000299	0.000258
7.228761	0.000292	0.000216
7.234806	0.000298	0.000200
7.240850	0.000308	0.000196
7.246895	0.000314	0.000191
7.252940	0.000312	0.000183
7.258985	0.000310	0.000177
7.265030	0.000308	0.000174
7.271074	0.000304	0.000176
7.277119	0.000308	0.000199
7.283164	0.000327	0.000232
7.289209	0.000346	0.000263
7.295253	0.000367	0.000308
7.301298	0.000391	0.000360
7.307343	0.000409	0.000391
7.313388	0.000416	0.000412
7.319433	0.000420	0.000435
7.325477	0.000423	0.000442
7.331522	0.000422	0.000445
7.337567	0.000424	0.000448
7.343612	0.000425	0.000453
7.349656	0.000427	0.000458
7.355701	0.000429	0.000467
7.361746	0.000432	0.000473
7.367791	0.000434	0.000478
7.373836	0.000437	0.000485
7.379880	0.000441	0.000492
7.385925	0.000446	0.000495
7.391970	0.000449	0.000489
7.398015	0.000462	0.000480
7.404059	0.000481	0.000475
7.410104	0.000483	0.000460
7.416149	0.000474	0.000425
7.422194	0.000484	0.000397
7.428239	0.000494	0.000373
7.434283	0.000497	0.000347
7.440328	0.000514	0.000331
7.446373	0.000538	0.000337
7.452418	0.000540	0.000347
7.458462	0.000530	0.000360
7.464507	0.000520	0.000373
7.470552	0.000511	0.000391
7.476597	0.000503	0.000415
7.482642	0.000502	0.000427
7.488686	0.000505	0.000423
7.494731	0.000509	0.000407
7.500776	0.000516	0.000390
7.506821	0.000527	0.000367
7.512865	0.000532	0.000354
7.518910	0.000538	0.000352
7.524955	0.000545	0.000360
7.531000	0.000555	0.000382
7.537045	0.000562	0.000404
7.543089	0.000572	0.000412
7.549134	0.000575	0.000403
7.555179	0.000564	0.000382
7.561224	0.000548	0.000343
7.567268	0.000538	0.000314
7.573313	0.000544	0.000302
7.579358	0.000564	0.000308
7.585403	0.000595	0.000328
7.591448	0.000627	0.000352
7.597492	0.000654	0.000360
7.603537	0.000665	0.000363
7.609582	0.000663	0.000363
7.615627	0.000648	0.000358
7.621671	0.000628	0.000353
7.627716	0.000611	0.000365
7.633761	0.000597	0.000386
7.639806	0.000573	0.000414
7.645851	0.000559	0.000439
7.651895	0.000558	0.000464
7.657940	0.000552	0.000493
7.663985	0.000548	0.000516
7.670030	0.000561	0.000533
7.676074	0.000575	0.000554
7.682119	0.000580	0.000576
7.688164	0.000556	0.000575
7.694209	0.000521	0.000578
7.700254	0.000487	0.000598
7.706298	0.000455	0.000620
7.712343	0.000430	0.000638
7.718388	0.000431	0.000673
7.724433	0.000449	0.000699
7.730477	0.000463	0.000711
7.736522	0.000000	0.000000
7.742567	0.000000	0.000000
7.748612	0.000000	0.000000
7.754657	0.000000	0.000000
7.760701	0.000000	0.000000
7.766746	0.000000	0.000000
7.772791	0.000000	0.000000
7.778836	0.000000	0.000000
7.784880	0.000000	0.000000
7.790925	0.000000	0.000000
7.796970	0.000000	0.000000
7.803015	0.000000	0.000000
7.809060	0.000000	0.000000
7.815104	0.000000	0.000000
7.821149	0.000000	0.000000
7.827194	0.000000	0.000000
7.833239	0.000000	0.000000
7.839283	0.000000	0.000000
7.845328	0.000000	0.000000
7.851373	0.000000	0.000000
7.857418	0.000000	0.000000
7.863463	0.000000	0.000000
7.869507	0.000000	0.000000
7.875552	0.000000	0.000000
7.881597	0.000000	0.000000
7.887642	0.000000	0.000000
7.893686	0.000000	0.000000
7.899731	0.000000	0.000000
7.905776	0.000000	0.000000
7.911821	0.000000	0.000000
7.917865	0.000000	0.000000
7.923910	0.000000	0.000000
7.929955	0.000000	0.000000
7.936000	0.000000	0.000000
7.942045	0.000000	0.000000
7.948089	0.000000	0.000000
7.954134	0.000000	0.000000
7.960179	0.000000	0.000000
7.966224	0.000000	0.000000
7.972268	0.000000	0.000000
7.978313	0.000000	0.000000
7.984358	0.000000	0.000000
7.990403	0.000000	0.000000
7.996448	0.000000	0.000000
8.002492	0.000000	0.000000
8.008537	0.000000	0.000000
8.014582	0.000000	0.000000
8.020627	0.000000	0.000000
8.026671	0.000000	0.000000
8.032716	0.000000	0.000000
8.038761	0.000000	0.000000
8.044806	0.000000	0.000000
8.050851	0.000000	0.000000
8.056895	0.000000	0.000000
8.062940	0.000000	0.000000
8.068985	0.000000	0.000000
8.075030	0.000000	0.000000
8.081074	0.000000	0.000000
8.087119	0.000000	0.000000
8.093164	0.000000	0.000000
8.099209	0.000000	0.000000
8.105254	0.000000	0.000000
8.111298	0.000000	0.000000
8.117343	0.000000	0.000000
8.123388	0.000000	0.000000
8.129433	0.000000	0.000000
8.135477	0.000000	0.000000
8.141522	0.000000	0.000000
8.147567	0.000000	0.000000
8.153612	0.000000	0.000000
8.159657	0.000000	0.000000
8.165701	0.000000	0.000000
8.171746	0.000000	0.000000
8.177791	0.000000	0.000000
8.183836	0.000000	0.000000
8.189880	0.000000	0.000000
8.195925	0.000000	0.000000
8.201970	0.000000	0.000000
8.208015	0.000000	0.000000
8.214060	0.000000	0.000000
8.220104	0.000000	0.000000
8.226149	0.000000	0.000000
8.232194	0.000000	0.000000
8.238239	0.000000	0.000000
8.244283	0.000000	0.000000
8.250328	0.000000	0.000000
8.256373	0.000000	0.000000
8.262418	0.000000	0.000000
8.268463	0.000000	0.000000
8.274507	0.000000	0.000000
8.280552	0.000000	0.000000
8.286597	0.000000	0.000000
8.292642	0.000000	0.000000
8.298686	0.000000	0.000000
8.304731	0.000000	0.000000
8.310776	0.000000	0.000000
8.316821	0.000000	0.000000
8.322866	0.000000	0.000000
8.328910	0.000000	0.000000
8.334955	0.000000	0.000000
8.341000	0.000000	0.000000
8.347045	0.000000	0.000000
8.353089	0.000000	0.000000
8.359134	0.000000	0.000000
8.365179	0.000000	0.000000
8.371224	0.000000	0.000000
8.377269	0.000000	0.000000
8.383313	0.000000	0.000000
8.389358	0.000000	0.000000
8.395403	0.000000	0.000000
8.401448	0.000000	0.000000
8.407492	0.000000	0.000000
8.413537	0.000000	0.000000
8.419582	0.000000	0.000000
8.425627	0.000000	0.000000
8.431672	0.000000	0.000000
8.437716	0.000000	0.000000
8.443761	0.000000	0.000000
8.449806	0.000000	0.000000
8.455851	0.000000	0.000000
8.461895	0.000000	0.000000
8.467940	0.000000	0.000000
8.473985	0.000000	0.000000
8.480030	0.000000	0.000000
8.486075	0.000000	0.000000
8.492119	0.000000	0.000000
8.498164	0.000000	0.000000
