#Point-by-point error evaluated for the Solvent differentials.
#Q(Ang^(-1)   DS/DT     DS/Drho
0.005253	0.000000	0.000000
0.011297	0.000000	0.000000
0.017342	0.000000	0.000000
0.023387	0.000000	0.000000
0.029432	0.000000	0.000000
0.035477	0.000000	0.000000
0.041521	0.000000	0.000000
0.047566	0.000000	0.000000
0.053611	0.000000	0.000000
0.059656	0.000000	0.000000
0.065700	0.000000	0.000000
0.071745	0.000000	0.000000
0.077790	0.000000	0.000000
0.083835	0.000000	0.000000
0.089880	0.000000	0.000000
0.095924	0.000000	0.000000
0.101969	0.000000	0.000000
0.108014	0.000000	0.000000
0.114059	0.000000	0.000000
0.120103	0.000000	0.000000
0.126148	0.000000	0.000000
0.132193	0.000000	0.000000
0.138238	0.000000	0.000000
0.144283	0.000000	0.000000
0.150327	0.000000	0.000000
0.156372	0.000000	0.000000
0.162417	0.000000	0.000000
0.168462	0.000000	0.000000
0.174506	0.000000	0.000000
0.180551	0.000000	0.000000
0.186596	0.000000	0.000000
0.192641	0.000000	0.000000
0.198685	0.000000	0.000000
0.204730	0.000000	0.000000
0.210775	0.000000	0.000000
0.216820	0.000000	0.000000
0.222865	0.000000	0.000000
0.228909	0.000000	0.000000
0.234954	0.000000	0.000000
0.240999	0.000000	0.000000
0.247044	0.000000	0.000000
0.253088	0.000000	0.000000
0.259133	0.000000	0.000000
0.265178	0.000000	0.000000
0.271223	0.000000	0.000000
0.277268	0.000000	0.000000
0.283312	0.000000	0.000000
0.289357	0.000000	0.000000
0.295402	0.000000	0.000000
0.301447	0.000000	0.000000
0.307491	0.000000	0.000000
0.313536	0.000000	0.000000
0.319581	0.000000	0.000000
0.325626	0.000000	0.000000
0.331671	0.000000	0.000000
0.337715	0.000000	0.000000
0.343760	0.000000	0.000000
0.349805	0.000000	0.000000
0.355850	0.000000	0.000000
0.361894	0.000000	0.000000
0.367939	0.006806	0.043287
0.373984	0.006708	0.041327
0.380029	0.006612	0.040138
0.386074	0.006530	0.038908
0.392118	0.006467	0.032114
0.398163	0.005988	0.025592
0.404208	0.005604	0.019058
0.410253	0.005173	0.012463
0.416297	0.004749	0.006484
0.422342	0.004338	0.006564
0.428387	0.004323	0.006411
0.434432	0.004244	0.005947
0.440477	0.004153	0.005368
0.446521	0.004128	0.004923
0.452566	0.004122	0.004569
0.458611	0.004182	0.004359
0.464656	0.004124	0.004152
0.470700	0.004138	0.003997
0.476745	0.004051	0.003801
0.482790	0.003875	0.003500
0.488835	0.003692	0.003199
0.494880	0.003561	0.003075
0.500924	0.003426	0.002933
0.506969	0.003309	0.002707
0.513014	0.003228	0.002575
0.519059	0.003128	0.002413
0.525103	0.003047	0.002302
0.531148	0.002942	0.002203
0.537193	0.002906	0.002230
0.543238	0.002903	0.002267
0.549283	0.002939	0.002240
0.555327	0.003007	0.002156
0.561372	0.003106	0.002162
0.567417	0.003169	0.002157
0.573462	0.003249	0.002126
0.579506	0.003297	0.002149
0.585551	0.003337	0.002194
0.591596	0.003329	0.002161
0.597641	0.003301	0.002126
0.603686	0.003236	0.002109
0.609730	0.003138	0.002161
0.615775	0.003043	0.002214
0.621820	0.002981	0.002263
0.627865	0.002991	0.002296
0.633909	0.003073	0.002310
0.639954	0.003213	0.002301
0.645999	0.003325	0.002278
0.652044	0.003391	0.002280
0.658089	0.003255	0.002302
0.664133	0.003047	0.002325
0.670178	0.002856	0.002293
0.676223	0.002721	0.002266
0.682268	0.002706	0.002208
0.688312	0.002828	0.002104
0.694357	0.002976	0.002001
0.700402	0.003110	0.001946
0.706447	0.003206	0.001893
0.712492	0.003225	0.001850
0.718536	0.003271	0.001879
0.724581	0.003297	0.001896
0.730626	0.003318	0.001920
0.736671	0.003351	0.001904
0.742715	0.003411	0.001900
0.748760	0.003281	0.001851
0.754805	0.003151	0.001829
0.760850	0.003007	0.001790
0.766895	0.002842	0.001802
0.772939	0.002606	0.001799
0.778984	0.002513	0.001819
0.785029	0.002464	0.001827
0.791074	0.002386	0.001857
0.797118	0.002324	0.001907
0.803163	0.002283	0.001969
0.809208	0.002246	0.002018
0.815253	0.002261	0.002116
0.821298	0.002339	0.002268
0.827342	0.002443	0.002478
0.833387	0.002588	0.002685
0.839432	0.002727	0.002903
0.845477	0.002682	0.003041
0.851521	0.002647	0.003098
0.857566	0.002635	0.003088
0.863611	0.002644	0.003075
0.869656	0.002703	0.003101
0.875701	0.002871	0.003152
0.881745	0.003000	0.003225
0.887790	0.003014	0.003223
0.893835	0.002960	0.003204
0.899880	0.002893	0.003160
0.905924	0.002813	0.003130
0.911969	0.002673	0.003081
0.918014	0.002633	0.003097
0.924059	0.002576	0.003088
0.930103	0.002495	0.003065
0.936148	0.002345	0.002956
0.942193	0.002247	0.002901
0.948238	0.002102	0.002846
0.954283	0.002014	0.002720
0.960327	0.001930	0.002568
0.966372	0.001908	0.002488
0.972417	0.001854	0.002428
0.978462	0.001818	0.002369
0.984506	0.001784	0.002442
0.990551	0.001746	0.002526
0.996596	0.001762	0.002635
1.002641	0.001833	0.002692
1.008686	0.001913	0.002671
1.014730	0.002086	0.002636
1.020775	0.002256	0.002534
1.026820	0.002396	0.002522
1.032865	0.002541	0.002533
1.038909	0.002690	0.002609
1.044954	0.002720	0.002660
1.050999	0.002756	0.002759
1.057044	0.002737	0.002745
1.063089	0.002718	0.002717
1.069133	0.002687	0.002689
1.075178	0.002679	0.002692
1.081223	0.002673	0.002717
1.087268	0.002699	0.002733
1.093312	0.002702	0.002705
1.099357	0.002696	0.002676
1.105402	0.002686	0.002637
1.111447	0.002698	0.002599
1.117492	0.002729	0.002568
1.123536	0.002729	0.002525
1.129581	0.002738	0.002471
1.135626	0.002668	0.002402
1.141671	0.002595	0.002346
1.147715	0.002555	0.002191
1.153760	0.002485	0.002071
1.159805	0.002414	0.001951
1.165850	0.002427	0.001847
1.171895	0.002423	0.001657
1.177939	0.002384	0.001563
1.183984	0.002417	0.001550
1.190029	0.002438	0.001553
1.196074	0.002445	0.001549
1.202118	0.002433	0.001623
1.208163	0.002383	0.001704
1.214208	0.002354	0.001740
1.220253	0.002429	0.001825
1.226298	0.002526	0.001931
1.232342	0.002632	0.002062
1.238387	0.002742	0.002207
1.244432	0.002812	0.002320
1.250477	0.002786	0.002401
1.256521	0.002799	0.002547
1.262566	0.002836	0.002723
1.268611	0.002925	0.003048
1.274656	0.003046	0.003448
1.280701	0.003215	0.003848
1.286745	0.003338	0.004180
1.292790	0.003429	0.004429
1.298835	0.003402	0.004449
1.304880	0.003303	0.004378
1.310924	0.003055	0.004129
1.316969	0.002797	0.003870
1.323014	0.002539	0.003624
1.329059	0.002481	0.003444
1.335104	0.002457	0.003257
1.341148	0.002520	0.003194
1.347193	0.002577	0.003067
1.353238	0.002564	0.002852
1.359283	0.002438	0.002605
1.365327	0.002352	0.002414
1.371372	0.002297	0.002338
1.377417	0.002231	0.002346
1.383462	0.002257	0.002465
1.389507	0.002253	0.002568
1.395551	0.002222	0.002618
1.401596	0.002166	0.002572
1.407641	0.002182	0.002497
1.413686	0.002210	0.002405
1.419730	0.002272	0.002365
1.425775	0.002341	0.002350
1.431820	0.002429	0.002335
1.437865	0.002439	0.002334
1.443910	0.002434	0.002349
1.449954	0.002292	0.002371
1.455999	0.002152	0.002377
1.462044	0.001999	0.002397
1.468089	0.001869	0.002413
1.474133	0.001743	0.002423
1.480178	0.001692	0.002378
1.486223	0.001629	0.002362
1.492268	0.001566	0.002329
1.498313	0.001563	0.002442
1.504357	0.001572	0.002608
1.510402	0.001676	0.002857
1.516447	0.001820	0.003092
1.522492	0.001979	0.003316
1.528536	0.001947	0.003271
1.534581	0.002031	0.003135
1.540626	0.002167	0.002896
1.546671	0.002277	0.002567
1.552716	0.002384	0.002322
1.558760	0.002609	0.002189
1.564805	0.002724	0.002114
1.570850	0.002762	0.002108
1.576895	0.002797	0.002183
1.582939	0.002824	0.002206
1.588984	0.002873	0.002240
1.595029	0.002902	0.002245
1.601074	0.002915	0.002296
1.607118	0.002923	0.002384
1.613163	0.002957	0.002577
1.619208	0.002939	0.002680
1.625253	0.002919	0.002779
1.631298	0.002875	0.002819
1.637342	0.002843	0.002788
1.643387	0.002780	0.002652
1.649432	0.002712	0.002621
1.655477	0.002515	0.002618
1.661521	0.002337	0.002652
1.667566	0.002145	0.002723
1.673611	0.001983	0.002791
1.679656	0.001883	0.002865
1.685701	0.001911	0.002900
1.691745	0.001947	0.002844
1.697790	0.001998	0.002710
1.703835	0.002010	0.002480
1.709880	0.002008	0.002218
1.715924	0.002035	0.002100
1.721969	0.002053	0.002012
1.728014	0.002055	0.002067
1.734059	0.002046	0.002231
1.740104	0.002044	0.002428
1.746148	0.002041	0.002470
1.752193	0.002044	0.002519
1.758238	0.002041	0.002506
1.764283	0.002068	0.002452
1.770327	0.002088	0.002411
1.776372	0.002083	0.002394
1.782417	0.002097	0.002481
1.788462	0.002145	0.002563
1.794507	0.002193	0.002654
1.800551	0.002231	0.002740
1.806596	0.002245	0.002804
1.812641	0.002251	0.002735
1.818686	0.002213	0.002649
1.824730	0.002228	0.002600
1.830775	0.002312	0.002550
1.836820	0.002422	0.002522
1.842865	0.002550	0.002561
1.848910	0.002692	0.002532
1.854954	0.002770	0.002481
1.860999	0.002797	0.002402
1.867044	0.002806	0.002317
1.873089	0.002738	0.002228
1.879133	0.002651	0.002251
1.885178	0.002589	0.002358
1.891223	0.002567	0.002409
1.897268	0.002618	0.002464
1.903313	0.002702	0.002479
1.909357	0.002819	0.002473
1.915402	0.002791	0.002355
1.921447	0.002666	0.002307
1.927492	0.002479	0.002236
1.933536	0.002295	0.002206
1.939581	0.002104	0.002164
1.945626	0.002008	0.002138
1.951671	0.001965	0.002093
1.957716	0.001921	0.002075
1.963760	0.001902	0.002064
1.969805	0.001878	0.002056
1.975850	0.001871	0.002082
1.981895	0.001846	0.002099
1.987939	0.001806	0.002120
1.993984	0.001774	0.002165
2.000029	0.001744	0.002276
2.006074	0.001714	0.002429
2.012119	0.001685	0.002633
2.018163	0.001649	0.002824
2.024208	0.001637	0.002960
2.030253	0.001610	0.003025
2.036298	0.001588	0.003005
2.042342	0.001563	0.002949
2.048387	0.001579	0.002871
2.054432	0.001577	0.002811
2.060477	0.001622	0.002753
2.066522	0.001678	0.002721
2.072566	0.001756	0.002713
2.078611	0.001808	0.002728
2.084656	0.001844	0.002746
2.090701	0.001800	0.002696
2.096745	0.001805	0.002639
2.102790	0.001807	0.002563
2.108835	0.001818	0.002514
2.114880	0.001808	0.002320
2.120925	0.001853	0.002138
2.126969	0.001839	0.001952
2.133014	0.001815	0.001771
2.139059	0.001761	0.001564
2.145104	0.001709	0.001512
2.151148	0.001641	0.001546
2.157193	0.001575	0.001596
2.163238	0.001515	0.001614
2.169283	0.001476	0.001646
2.175328	0.001460	0.001698
2.181372	0.001448	0.001689
2.187417	0.001437	0.001674
2.193462	0.001443	0.001711
2.199507	0.001455	0.001738
2.205551	0.001462	0.001723
2.211596	0.001467	0.001736
2.217641	0.001469	0.001750
2.223686	0.001418	0.001766
2.229731	0.001390	0.001790
2.235775	0.001356	0.001816
2.241820	0.001307	0.001844
2.247865	0.001272	0.001877
2.253910	0.001318	0.001879
2.259954	0.001342	0.001870
2.265999	0.001365	0.001868
2.272044	0.001403	0.001827
2.278089	0.001438	0.001773
2.284134	0.001431	0.001721
2.290178	0.001405	0.001652
2.296223	0.001379	0.001582
2.302268	0.001350	0.001545
2.308313	0.001323	0.001546
2.314357	0.001312	0.001539
2.320402	0.001319	0.001566
2.326447	0.001327	0.001578
2.332492	0.001344	0.001597
2.338536	0.001333	0.001587
2.344581	0.001309	0.001576
2.350626	0.001257	0.001516
2.356671	0.001195	0.001464
2.362716	0.001131	0.001415
2.368760	0.001095	0.001366
2.374805	0.001075	0.001334
2.380850	0.001072	0.001325
2.386895	0.001080	0.001322
2.392939	0.001087	0.001319
2.398984	0.001119	0.001319
2.405029	0.001121	0.001311
2.411074	0.001156	0.001315
2.417119	0.001206	0.001328
2.423163	0.001258	0.001370
2.429208	0.001276	0.001397
2.435253	0.001283	0.001416
2.441298	0.001325	0.001363
2.447342	0.001391	0.001305
2.453387	0.001468	0.001221
2.459432	0.001572	0.001159
2.465477	0.001692	0.001122
2.471522	0.001738	0.001158
2.477566	0.001732	0.001232
2.483611	0.001765	0.001318
2.489656	0.001814	0.001407
2.495701	0.001894	0.001488
2.501745	0.001992	0.001502
2.507790	0.002095	0.001455
2.513835	0.002104	0.001356
2.519880	0.002037	0.001264
2.525925	0.001938	0.001165
2.531969	0.001802	0.001169
2.538014	0.001671	0.001203
2.544059	0.001596	0.001261
2.550104	0.001596	0.001324
2.556148	0.001581	0.001364
2.562193	0.001566	0.001316
2.568238	0.001543	0.001279
2.574283	0.001501	0.001255
2.580328	0.001404	0.001217
2.586372	0.001336	0.001204
2.592417	0.001314	0.001239
2.598462	0.001278	0.001238
2.604507	0.001231	0.001229
2.610551	0.001206	0.001177
2.616596	0.001174	0.001120
2.622641	0.001135	0.001075
2.628686	0.001118	0.001119
2.634731	0.001115	0.001191
2.640775	0.001114	0.001292
2.646820	0.001113	0.001396
2.652865	0.001112	0.001441
2.658910	0.001125	0.001397
2.664954	0.001125	0.001311
2.670999	0.001119	0.001207
2.677044	0.001097	0.001092
2.683089	0.001076	0.001030
2.689134	0.001054	0.000981
2.695178	0.001069	0.000981
2.701223	0.001095	0.001014
2.707268	0.001128	0.001068
2.713313	0.001159	0.001089
2.719357	0.001136	0.001077
2.725402	0.001102	0.001048
2.731447	0.001040	0.001007
2.737492	0.000995	0.000967
2.743537	0.000941	0.000971
2.749581	0.000933	0.001011
2.755626	0.000901	0.001036
2.761671	0.000897	0.001102
2.767716	0.000886	0.001170
2.773760	0.000877	0.001233
2.779805	0.000870	0.001306
2.785850	0.000868	0.001383
2.791895	0.000853	0.001401
2.797940	0.000842	0.001401
2.803984	0.000836	0.001390
2.810029	0.000826	0.001368
2.816074	0.000824	0.001348
2.822119	0.000827	0.001336
2.828163	0.000827	0.001325
2.834208	0.000824	0.001298
2.840253	0.000823	0.001270
2.846298	0.000833	0.001252
2.852343	0.000827	0.001184
2.858387	0.000823	0.001104
2.864432	0.000826	0.001030
2.870477	0.000843	0.000968
2.876522	0.000856	0.000891
2.882566	0.000879	0.000866
2.888611	0.000893	0.000850
2.894656	0.000901	0.000840
2.900701	0.000872	0.000811
2.906746	0.000837	0.000780
2.912790	0.000806	0.000744
2.918835	0.000782	0.000713
2.924880	0.000760	0.000694
2.930925	0.000762	0.000688
2.936969	0.000755	0.000716
2.943014	0.000752	0.000760
2.949059	0.000751	0.000829
2.955104	0.000748	0.000877
2.961149	0.000752	0.000910
2.967193	0.000766	0.000918
2.973238	0.000789	0.000962
2.979283	0.000824	0.000999
2.985328	0.000858	0.001082
2.991372	0.000884	0.001172
2.997417	0.000904	0.001267
3.003462	0.000920	0.001326
3.009507	0.000927	0.001362
3.015551	0.000934	0.001362
3.021596	0.000942	0.001365
3.027641	0.000945	0.001354
3.033686	0.000937	0.001331
3.039731	0.000934	0.001316
3.045775	0.000931	0.001292
3.051820	0.000943	0.001269
3.057865	0.000980	0.001239
3.063910	0.001022	0.001210
3.069954	0.001064	0.001189
3.075999	0.001088	0.001169
3.082044	0.001086	0.001145
3.088089	0.001070	0.001141
3.094134	0.001087	0.001128
3.100178	0.001115	0.001119
3.106223	0.001154	0.001121
3.112268	0.001194	0.001088
3.118313	0.001235	0.001022
3.124357	0.001249	0.000961
3.130402	0.001244	0.000896
3.136447	0.001243	0.000830
3.142492	0.001253	0.000813
3.148537	0.001268	0.000830
3.154581	0.001288	0.000858
3.160626	0.001305	0.000878
3.166671	0.001278	0.000894
3.172716	0.001239	0.000900
3.178760	0.001207	0.000904
3.184805	0.001169	0.000899
3.190850	0.001156	0.000896
3.196895	0.001172	0.000904
3.202940	0.001197	0.000919
3.208984	0.001185	0.000907
3.215029	0.001128	0.000897
3.221074	0.001046	0.000887
3.227119	0.000980	0.000864
3.233163	0.000917	0.000861
3.239208	0.000879	0.000882
3.245253	0.000882	0.000901
3.251298	0.000880	0.000927
3.257343	0.000938	0.000975
3.263387	0.001002	0.001017
3.269432	0.001028	0.001046
3.275477	0.001046	0.001075
3.281522	0.001069	0.001096
3.287566	0.001038	0.001099
3.293611	0.000997	0.001087
3.299656	0.000993	0.001094
3.305701	0.000994	0.001091
3.311746	0.000998	0.001088
3.317790	0.000985	0.001088
3.323835	0.000966	0.001062
3.329880	0.000945	0.001029
3.335925	0.000915	0.000988
3.341969	0.000882	0.000948
3.348014	0.000858	0.000903
3.354059	0.000847	0.000877
3.360104	0.000846	0.000836
3.366149	0.000850	0.000802
3.372193	0.000858	0.000750
3.378238	0.000863	0.000686
3.384283	0.000839	0.000623
3.390328	0.000791	0.000573
3.396372	0.000743	0.000533
3.402417	0.000708	0.000509
3.408462	0.000682	0.000537
3.414507	0.000682	0.000556
3.420552	0.000698	0.000575
3.426596	0.000710	0.000594
3.432641	0.000701	0.000613
3.438686	0.000705	0.000601
3.444731	0.000700	0.000616
3.450775	0.000697	0.000647
3.456820	0.000708	0.000683
3.462865	0.000720	0.000717
3.468910	0.000716	0.000749
3.474955	0.000711	0.000761
3.480999	0.000702	0.000765
3.487044	0.000725	0.000742
3.493089	0.000750	0.000729
3.499134	0.000787	0.000717
3.505178	0.000827	0.000711
3.511223	0.000887	0.000708
3.517268	0.000933	0.000730
3.523313	0.000981	0.000744
3.529358	0.001021	0.000729
3.535402	0.001064	0.000710
3.541447	0.001087	0.000680
3.547492	0.001082	0.000649
3.553537	0.001049	0.000629
3.559581	0.001022	0.000701
3.565626	0.000996	0.000763
3.571671	0.000968	0.000830
3.577716	0.000960	0.000889
3.583761	0.000975	0.000932
3.589805	0.000987	0.000920
3.595850	0.000998	0.000911
3.601895	0.000998	0.000917
3.607940	0.000957	0.000925
3.613984	0.000960	0.000943
3.620029	0.000961	0.000957
3.626074	0.000934	0.000961
3.632119	0.000905	0.000950
3.638164	0.000906	0.000925
3.644208	0.000864	0.000881
3.650253	0.000819	0.000837
3.656298	0.000803	0.000835
3.662343	0.000788	0.000840
3.668387	0.000789	0.000862
3.674432	0.000813	0.000884
3.680477	0.000838	0.000871
3.686522	0.000873	0.000832
3.692567	0.000919	0.000786
3.698611	0.000919	0.000743
3.704656	0.000911	0.000715
3.710701	0.000927	0.000721
3.716746	0.000943	0.000715
3.722790	0.000960	0.000702
3.728835	0.000992	0.000690
3.734880	0.001023	0.000674
3.740925	0.001031	0.000655
3.746969	0.001036	0.000648
3.753014	0.001044	0.000613
3.759059	0.001068	0.000582
3.765104	0.001077	0.000561
3.771149	0.001089	0.000537
3.777193	0.001098	0.000507
3.783238	0.001105	0.000522
3.789283	0.001106	0.000536
3.795328	0.001108	0.000540
3.801372	0.001119	0.000559
3.807417	0.001135	0.000588
3.813462	0.001144	0.000634
3.819507	0.001147	0.000680
3.825552	0.001145	0.000734
3.831596	0.001137	0.000769
3.837641	0.001117	0.000801
3.843686	0.001097	0.000803
3.849731	0.001077	0.000798
3.855775	0.001063	0.000785
3.861820	0.001049	0.000813
3.867865	0.001044	0.000876
3.873910	0.001029	0.000971
3.879955	0.001006	0.001082
3.885999	0.000989	0.001193
3.892044	0.000971	0.001236
3.898089	0.000950	0.001233
3.904134	0.000941	0.001184
3.910178	0.000931	0.001128
3.916223	0.000911	0.001079
3.922268	0.000860	0.001063
3.928313	0.000806	0.001057
3.934358	0.000758	0.001055
3.940402	0.000735	0.001045
3.946447	0.000716	0.001026
3.952492	0.000718	0.000996
3.958537	0.000724	0.000962
3.964581	0.000729	0.000962
3.970626	0.000728	0.000967
3.976671	0.000733	0.000965
3.982716	0.000745	0.000936
3.988761	0.000752	0.000898
3.994805	0.000757	0.000911
4.000850	0.000778	0.000932
4.006895	0.000809	0.000983
4.012940	0.000838	0.001050
4.018984	0.000869	0.001129
4.025029	0.000898	0.001143
4.031074	0.000916	0.001150
4.037119	0.000919	0.001144
4.043164	0.000921	0.001163
4.049208	0.000907	0.001186
4.055253	0.000892	0.001202
4.061298	0.000856	0.001206
4.067343	0.000849	0.001222
4.073387	0.000861	0.001231
4.079432	0.000895	0.001219
4.085477	0.000925	0.001194
4.091522	0.000958	0.001169
4.097567	0.000940	0.001124
4.103611	0.000911	0.001093
4.109656	0.000891	0.001068
4.115701	0.000885	0.001036
4.121746	0.000904	0.001011
4.127790	0.000952	0.001005
4.133835	0.000994	0.000987
4.139880	0.001015	0.000980
4.145925	0.001034	0.000994
4.151970	0.001038	0.000998
4.158014	0.001015	0.000961
4.164059	0.000991	0.000901
4.170104	0.000977	0.000843
4.176149	0.000957	0.000787
4.182193	0.000933	0.000727
4.188238	0.000886	0.000668
4.194283	0.000836	0.000631
4.200328	0.000774	0.000575
4.206373	0.000713	0.000524
4.212417	0.000663	0.000481
4.218462	0.000654	0.000463
4.224507	0.000651	0.000447
4.230552	0.000655	0.000446
4.236596	0.000647	0.000440
4.242641	0.000632	0.000434
4.248686	0.000624	0.000440
4.254731	0.000619	0.000449
4.260776	0.000616	0.000453
4.266820	0.000621	0.000462
4.272865	0.000638	0.000483
4.278910	0.000644	0.000523
4.284955	0.000647	0.000573
4.290999	0.000649	0.000623
4.297044	0.000652	0.000681
4.303089	0.000648	0.000744
4.309134	0.000645	0.000792
4.315179	0.000639	0.000833
4.321223	0.000656	0.000879
4.327268	0.000677	0.000913
4.333313	0.000692	0.000926
4.339358	0.000693	0.000924
4.345402	0.000688	0.000920
4.351447	0.000687	0.000910
4.357492	0.000683	0.000911
4.363537	0.000685	0.000937
4.369582	0.000691	0.000979
4.375626	0.000703	0.001017
4.381671	0.000688	0.001038
4.387716	0.000686	0.001025
4.393761	0.000691	0.000971
4.399805	0.000699	0.000891
4.405850	0.000711	0.000844
4.411895	0.000724	0.000824
4.417940	0.000722	0.000800
4.423984	0.000717	0.000791
4.430029	0.000716	0.000794
4.436074	0.000707	0.000767
4.442119	0.000690	0.000736
4.448164	0.000670	0.000724
4.454208	0.000649	0.000707
4.460253	0.000617	0.000697
4.466298	0.000576	0.000686
4.472343	0.000593	0.000719
4.478387	0.000607	0.000735
4.484432	0.000617	0.000752
4.490477	0.000653	0.000779
4.496522	0.000718	0.000832
4.502567	0.000733	0.000858
4.508611	0.000757	0.000913
4.514656	0.000780	0.000971
4.520701	0.000787	0.001003
4.526746	0.000782	0.001010
4.532790	0.000778	0.001007
4.538835	0.000774	0.000999
4.544880	0.000775	0.001001
4.550925	0.000782	0.001009
4.556970	0.000789	0.001022
4.563014	0.000794	0.001029
4.569059	0.000801	0.001038
4.575104	0.000813	0.001051
4.581149	0.000815	0.001069
4.587193	0.000811	0.001083
4.593238	0.000783	0.001083
4.599283	0.000739	0.001067
4.605328	0.000691	0.001057
4.611373	0.000646	0.001036
4.617417	0.000609	0.001028
4.623462	0.000590	0.001037
4.629507	0.000586	0.001054
4.635552	0.000577	0.001046
4.641596	0.000577	0.001038
4.647641	0.000599	0.001050
4.653686	0.000640	0.001081
4.659731	0.000694	0.001131
4.665776	0.000758	0.001196
4.671820	0.000815	0.001259
4.677865	0.000846	0.001290
4.683910	0.000866	0.001284
4.689955	0.000896	0.001260
4.695999	0.000934	0.001230
4.702044	0.000968	0.001211
4.708089	0.000993	0.001184
4.714134	0.001022	0.001158
4.720179	0.001032	0.001119
4.726223	0.001036	0.001073
4.732268	0.001052	0.001034
4.738313	0.001074	0.001010
4.744358	0.001101	0.000997
4.750402	0.001121	0.001003
4.756447	0.001122	0.001002
4.762492	0.001122	0.000954
4.768537	0.001142	0.000882
4.774582	0.001169	0.000818
4.780626	0.001211	0.000776
4.786671	0.001254	0.000752
4.792716	0.001260	0.000752
4.798761	0.001218	0.000748
4.804805	0.001154	0.000700
4.810850	0.001088	0.000612
4.816895	0.001041	0.000523
4.822940	0.001018	0.000472
4.828985	0.001016	0.000452
4.835029	0.001004	0.000484
4.841074	0.000974	0.000560
4.847119	0.000924	0.000652
4.853164	0.000884	0.000717
4.859208	0.000846	0.000777
4.865253	0.000817	0.000812
4.871298	0.000792	0.000829
4.877343	0.000751	0.000834
4.883388	0.000693	0.000837
4.889432	0.000628	0.000838
4.895477	0.000570	0.000844
4.901522	0.000528	0.000851
4.907567	0.000511	0.000854
4.913611	0.000506	0.000860
4.919656	0.000509	0.000864
4.925701	0.000499	0.000868
4.931746	0.000478	0.000859
4.937791	0.000455	0.000844
4.943835	0.000434	0.000833
4.949880	0.000408	0.000793
4.955925	0.000391	0.000744
4.961970	0.000374	0.000703
4.968014	0.000362	0.000667
4.974059	0.000378	0.000624
4.980104	0.000433	0.000607
4.986149	0.000493	0.000588
4.992194	0.000536	0.000561
4.998238	0.000573	0.000529
5.004283	0.000586	0.000502
5.010328	0.000572	0.000486
5.016373	0.000557	0.000480
5.022417	0.000553	0.000483
5.028462	0.000555	0.000497
5.034507	0.000563	0.000516
5.040552	0.000572	0.000541
5.046597	0.000580	0.000590
5.052641	0.000592	0.000645
5.058686	0.000624	0.000690
5.064731	0.000672	0.000731
5.070776	0.000718	0.000742
5.076820	0.000763	0.000721
5.082865	0.000809	0.000700
5.088910	0.000819	0.000679
5.094955	0.000800	0.000662
5.100999	0.000807	0.000680
5.107044	0.000819	0.000724
5.113089	0.000832	0.000762
5.119134	0.000851	0.000820
5.125179	0.000881	0.000876
5.131223	0.000881	0.000918
5.137268	0.000876	0.000940
5.143313	0.000872	0.000963
5.149358	0.000884	0.000967
5.155402	0.000911	0.000972
5.161447	0.000941	0.000971
5.167492	0.000957	0.000974
5.173537	0.000935	0.000961
5.179582	0.000879	0.000942
5.185626	0.000814	0.000920
5.191671	0.000762	0.000899
5.197716	0.000733	0.000881
5.203761	0.000750	0.000890
5.209805	0.000774	0.000898
5.215850	0.000769	0.000874
5.221895	0.000733	0.000814
5.227940	0.000719	0.000759
5.233985	0.000724	0.000687
5.240029	0.000751	0.000624
5.246074	0.000799	0.000582
5.252119	0.000853	0.000582
5.258164	0.000863	0.000583
5.264208	0.000842	0.000618
5.270253	0.000797	0.000671
5.276298	0.000761	0.000725
5.282343	0.000735	0.000770
5.288388	0.000722	0.000820
5.294432	0.000716	0.000848
5.300477	0.000713	0.000871
5.306522	0.000703	0.000918
5.312567	0.000694	0.000962
5.318611	0.000668	0.000988
5.324656	0.000641	0.000989
5.330701	0.000630	0.000977
5.336746	0.000628	0.000958
5.342791	0.000623	0.000944
5.348835	0.000629	0.000940
5.354880	0.000653	0.000954
5.360925	0.000691	0.000969
5.366970	0.000718	0.000969
5.373014	0.000747	0.000947
5.379059	0.000778	0.000907
5.385104	0.000785	0.000843
5.391149	0.000766	0.000779
5.397194	0.000746	0.000711
5.403238	0.000716	0.000662
5.409283	0.000688	0.000601
5.415328	0.000679	0.000551
5.421373	0.000675	0.000508
5.427417	0.000656	0.000480
5.433462	0.000640	0.000460
5.439507	0.000639	0.000470
5.445552	0.000635	0.000488
5.451597	0.000637	0.000498
5.457641	0.000663	0.000508
5.463686	0.000711	0.000519
5.469731	0.000770	0.000536
5.475776	0.000833	0.000562
5.481820	0.000901	0.000584
5.487865	0.000947	0.000606
5.493910	0.000975	0.000634
5.499955	0.000977	0.000672
5.506000	0.000984	0.000710
5.512044	0.001009	0.000749
5.518089	0.001052	0.000780
5.524134	0.001100	0.000799
5.530179	0.001153	0.000800
5.536223	0.001196	0.000793
5.542268	0.001207	0.000798
5.548313	0.001190	0.000798
5.554358	0.001135	0.000790
5.560403	0.001071	0.000800
5.566447	0.001020	0.000825
5.572492	0.000972	0.000835
5.578537	0.000931	0.000837
5.584582	0.000899	0.000839
5.590626	0.000852	0.000819
5.596671	0.000776	0.000790
5.602716	0.000702	0.000767
5.608761	0.000646	0.000746
5.614806	0.000615	0.000734
5.620850	0.000610	0.000726
5.626895	0.000609	0.000713
5.632940	0.000610	0.000700
5.638985	0.000616	0.000704
5.645029	0.000618	0.000708
5.651074	0.000617	0.000713
5.657119	0.000614	0.000717
5.663164	0.000613	0.000724
5.669209	0.000594	0.000713
5.675253	0.000584	0.000703
5.681298	0.000605	0.000721
5.687343	0.000640	0.000755
5.693388	0.000651	0.000757
5.699432	0.000672	0.000768
5.705477	0.000665	0.000759
5.711522	0.000630	0.000717
5.717567	0.000614	0.000691
5.723612	0.000634	0.000718
5.729656	0.000658	0.000759
5.735701	0.000697	0.000820
5.741746	0.000734	0.000885
5.747791	0.000738	0.000920
5.753835	0.000734	0.000925
5.759880	0.000729	0.000913
5.765925	0.000716	0.000898
5.771970	0.000721	0.000879
5.778015	0.000767	0.000873
5.784059	0.000814	0.000876
5.790104	0.000856	0.000886
5.796149	0.000889	0.000890
5.802194	0.000903	0.000894
5.808238	0.000890	0.000890
5.814283	0.000881	0.000880
5.820328	0.000877	0.000870
5.826373	0.000890	0.000870
5.832417	0.000897	0.000866
5.838462	0.000877	0.000811
5.844507	0.000853	0.000759
5.850552	0.000832	0.000718
5.856597	0.000817	0.000665
5.862641	0.000812	0.000632
5.868686	0.000822	0.000654
5.874731	0.000857	0.000678
5.880776	0.000904	0.000693
5.886820	0.000939	0.000711
5.892865	0.000921	0.000709
5.898910	0.000893	0.000684
5.904955	0.000865	0.000685
5.911000	0.000853	0.000715
5.917044	0.000869	0.000749
5.923089	0.000945	0.000769
5.929134	0.001027	0.000799
5.935179	0.001083	0.000803
5.941223	0.001104	0.000767
5.947268	0.001093	0.000728
5.953313	0.001083	0.000720
5.959358	0.001096	0.000730
5.965403	0.001129	0.000762
5.971447	0.001161	0.000788
5.977492	0.001218	0.000815
5.983537	0.001262	0.000814
5.989582	0.001278	0.000801
5.995626	0.001259	0.000772
6.001671	0.001243	0.000766
6.007716	0.001218	0.000762
6.013761	0.001192	0.000777
6.019806	0.001160	0.000786
6.025850	0.001139	0.000776
6.031895	0.001122	0.000763
6.037940	0.001113	0.000752
6.043985	0.001127	0.000741
6.050029	0.001144	0.000735
6.056074	0.001161	0.000737
6.062119	0.001186	0.000748
6.068164	0.001189	0.000773
6.074209	0.001162	0.000817
6.080253	0.001141	0.000855
6.086298	0.001146	0.000883
6.092343	0.001098	0.000902
6.098388	0.001039	0.000909
6.104432	0.000994	0.000912
6.110477	0.000946	0.000941
6.116522	0.000879	0.001004
6.122567	0.000856	0.001081
6.128612	0.000860	0.001154
6.134656	0.000863	0.001207
6.140701	0.000875	0.001222
6.146746	0.000886	0.001186
6.152791	0.000896	0.001128
6.158835	0.000902	0.001069
6.164880	0.000908	0.001016
6.170925	0.000889	0.000981
6.176970	0.000882	0.000980
6.183015	0.000883	0.001002
6.189059	0.000867	0.001026
6.195104	0.000844	0.001038
6.201149	0.000843	0.001048
6.207194	0.000837	0.001047
6.213238	0.000801	0.001031
6.219283	0.000768	0.001020
6.225328	0.000740	0.001021
6.231373	0.000722	0.001030
6.237418	0.000703	0.001052
6.243462	0.000717	0.001111
6.249507	0.000746	0.001178
6.255552	0.000777	0.001247
6.261597	0.000795	0.001309
6.267641	0.000795	0.001325
6.273686	0.000777	0.001295
6.279731	0.000754	0.001248
6.285776	0.000733	0.001204
6.291821	0.000724	0.001180
6.297865	0.000744	0.001165
6.303910	0.000772	0.001140
6.309955	0.000806	0.001099
6.316000	0.000837	0.001029
6.322044	0.000884	0.000947
6.328089	0.000920	0.000917
6.334134	0.000955	0.000932
6.340179	0.000984	0.000974
6.346224	0.001003	0.001038
6.352268	0.000989	0.001084
6.358313	0.000966	0.001084
6.364358	0.000948	0.001027
6.370403	0.000936	0.000959
6.376447	0.000933	0.000891
6.382492	0.000933	0.000838
6.388537	0.000937	0.000806
6.394582	0.000937	0.000803
6.400627	0.000936	0.000805
6.406671	0.000917	0.000813
6.412716	0.000875	0.000800
6.418761	0.000820	0.000789
6.424806	0.000761	0.000782
6.430850	0.000705	0.000786
6.436895	0.000696	0.000775
6.442940	0.000733	0.000752
6.448985	0.000780	0.000720
6.455030	0.000832	0.000690
6.461074	0.000883	0.000650
6.467119	0.000905	0.000634
6.473164	0.000905	0.000651
6.479209	0.000897	0.000664
6.485253	0.000887	0.000672
6.491298	0.000867	0.000677
6.497343	0.000845	0.000667
6.503388	0.000824	0.000652
6.509432	0.000829	0.000669
6.515477	0.000836	0.000686
6.521522	0.000837	0.000709
6.527567	0.000830	0.000730
6.533612	0.000809	0.000759
6.539656	0.000770	0.000773
6.545701	0.000729	0.000786
6.551746	0.000701	0.000805
6.557791	0.000682	0.000821
6.563835	0.000670	0.000832
6.569880	0.000635	0.000855
6.575925	0.000605	0.000871
6.581970	0.000575	0.000857
6.588015	0.000545	0.000845
6.594059	0.000522	0.000830
6.600104	0.000548	0.000808
6.606149	0.000634	0.000810
6.612194	0.000723	0.000821
6.618238	0.000806	0.000833
6.624283	0.000889	0.000847
6.630328	0.000949	0.000846
6.636373	0.000926	0.000830
6.642418	0.000880	0.000820
6.648462	0.000840	0.000813
6.654507	0.000810	0.000801
6.660552	0.000791	0.000795
6.666597	0.000805	0.000785
6.672641	0.000852	0.000800
6.678686	0.000909	0.000828
6.684731	0.000944	0.000853
6.690776	0.000979	0.000927
6.696821	0.001006	0.001012
6.702865	0.001016	0.001070
6.708910	0.001037	0.001118
6.714955	0.001072	0.001165
6.721000	0.001066	0.001152
6.727044	0.001046	0.001142
6.733089	0.001049	0.001149
6.739134	0.001031	0.001157
6.745179	0.001003	0.001169
6.751224	0.001002	0.001190
6.757268	0.001011	0.001213
6.763313	0.001004	0.001227
6.769358	0.000997	0.001244
6.775403	0.000992	0.001253
6.781447	0.000977	0.001254
6.787492	0.000955	0.001226
6.793537	0.000924	0.001180
6.799582	0.000894	0.001131
6.805627	0.000855	0.001078
6.811671	0.000806	0.001018
6.817716	0.000765	0.000975
6.823761	0.000733	0.000937
6.829806	0.000711	0.000891
6.835850	0.000701	0.000850
6.841895	0.000710	0.000828
6.847940	0.000720	0.000799
6.853985	0.000726	0.000769
6.860030	0.000696	0.000690
6.866074	0.000674	0.000621
6.872119	0.000674	0.000564
6.878164	0.000698	0.000517
6.884209	0.000718	0.000480
6.890253	0.000777	0.000498
6.896298	0.000836	0.000512
6.902343	0.000872	0.000516
6.908388	0.000888	0.000512
6.914433	0.000908	0.000507
6.920477	0.000913	0.000509
6.926522	0.000918	0.000511
6.932567	0.000924	0.000507
6.938612	0.000929	0.000522
6.944656	0.000932	0.000528
6.950701	0.000934	0.000525
6.956746	0.000934	0.000559
6.962791	0.000933	0.000621
6.968836	0.000931	0.000672
6.974880	0.000922	0.000741
6.980925	0.000895	0.000813
6.986970	0.000855	0.000853
6.993015	0.000831	0.000866
6.999059	0.000842	0.000879
7.005104	0.000851	0.000916
7.011149	0.000850	0.000966
7.017194	0.000857	0.001026
7.023239	0.000846	0.001083
7.029283	0.000796	0.001136
7.035328	0.000762	0.001155
7.041373	0.000760	0.001159
7.047418	0.000762	0.001148
7.053462	0.000769	0.001139
7.059507	0.000778	0.001137
7.065552	0.000784	0.001135
7.071597	0.000786	0.001125
7.077642	0.000770	0.001093
7.083686	0.000750	0.001060
7.089731	0.000732	0.001028
7.095776	0.000708	0.000995
7.101821	0.000702	0.000966
7.107865	0.000714	0.000959
7.113910	0.000700	0.000956
7.119955	0.000700	0.000939
7.126000	0.000705	0.000890
7.132045	0.000690	0.000843
7.138089	0.000698	0.000799
7.144134	0.000748	0.000744
7.150179	0.000778	0.000703
7.156224	0.000809	0.000694
7.162268	0.000850	0.000687
7.168313	0.000864	0.000683
7.174358	0.000876	0.000688
7.180403	0.000897	0.000691
7.186448	0.000917	0.000698
7.192492	0.000934	0.000703
7.198537	0.000967	0.000710
7.204582	0.000999	0.000720
7.210627	0.001032	0.000726
7.216671	0.001028	0.000721
7.222716	0.001004	0.000703
7.228761	0.000966	0.000706
7.234806	0.000916	0.000712
7.240850	0.000862	0.000729
7.246895	0.000859	0.000760
7.252940	0.000883	0.000833
7.258985	0.000876	0.000882
7.265030	0.000875	0.000925
7.271074	0.000895	0.000964
7.277119	0.000903	0.001000
7.283164	0.000909	0.001039
7.289209	0.000943	0.001089
7.295253	0.000973	0.001134
7.301298	0.000978	0.001159
7.307343	0.000982	0.001161
7.313388	0.000989	0.001131
7.319433	0.000988	0.001087
7.325477	0.000985	0.001047
7.331522	0.000987	0.001030
7.337567	0.000986	0.001040
7.343612	0.000974	0.001045
7.349656	0.000973	0.001025
7.355701	0.000969	0.001003
7.361746	0.000956	0.000976
7.367791	0.000941	0.000941
7.373836	0.000932	0.000927
7.379880	0.000916	0.000926
7.385925	0.000901	0.000925
7.391970	0.000897	0.000932
7.398015	0.000878	0.000917
7.404059	0.000858	0.000897
7.410104	0.000836	0.000894
7.416149	0.000837	0.000888
7.422194	0.000877	0.000893
7.428239	0.000942	0.000919
7.434283	0.001002	0.000960
7.440328	0.001066	0.000999
7.446373	0.001094	0.001043
7.452418	0.001068	0.001082
7.458462	0.001050	0.001122
7.464507	0.001038	0.001141
7.470552	0.001031	0.001175
7.476597	0.001047	0.001205
7.482642	0.001066	0.001224
7.488686	0.001069	0.001242
7.494731	0.001058	0.001266
7.500776	0.001049	0.001249
7.506821	0.001033	0.001235
7.512865	0.001024	0.001222
7.518910	0.001026	0.001193
7.524955	0.001048	0.001166
7.531000	0.001062	0.001159
7.537045	0.001055	0.001144
7.543089	0.001064	0.001130
7.549134	0.001046	0.001114
7.555179	0.001016	0.001088
7.561224	0.001038	0.001056
7.567268	0.001090	0.001086
7.573313	0.001122	0.001132
7.579358	0.001173	0.001222
7.585403	0.001221	0.001326
7.591448	0.001216	0.001438
7.597492	0.001210	0.001474
7.603537	0.001187	0.001491
7.609582	0.001164	0.001476
7.615627	0.001155	0.001464
7.621671	0.001198	0.001507
7.627716	0.001235	0.001585
7.633761	0.001309	0.001658
7.639806	0.001404	0.001707
7.645851	0.001525	0.001720
7.651895	0.001620	0.001671
7.657940	0.001708	0.001599
7.663985	0.001811	0.001519
7.670030	0.001900	0.001468
7.676074	0.001952	0.001449
7.682119	0.001982	0.001436
7.688164	0.002014	0.001352
7.694209	0.002017	0.001291
7.700254	0.002016	0.001225
7.706298	0.002019	0.001168
7.712343	0.002030	0.001151
7.718388	0.002046	0.001207
7.724433	0.002046	0.001248
7.730477	0.002026	0.001298
7.736522	0.000000	0.000000
7.742567	0.000000	0.000000
7.748612	0.000000	0.000000
7.754657	0.000000	0.000000
7.760701	0.000000	0.000000
7.766746	0.000000	0.000000
7.772791	0.000000	0.000000
7.778836	0.000000	0.000000
7.784880	0.000000	0.000000
7.790925	0.000000	0.000000
7.796970	0.000000	0.000000
7.803015	0.000000	0.000000
7.809060	0.000000	0.000000
7.815104	0.000000	0.000000
7.821149	0.000000	0.000000
7.827194	0.000000	0.000000
7.833239	0.000000	0.000000
7.839283	0.000000	0.000000
7.845328	0.000000	0.000000
7.851373	0.000000	0.000000
7.857418	0.000000	0.000000
7.863463	0.000000	0.000000
7.869507	0.000000	0.000000
7.875552	0.000000	0.000000
7.881597	0.000000	0.000000
7.887642	0.000000	0.000000
7.893686	0.000000	0.000000
7.899731	0.000000	0.000000
7.905776	0.000000	0.000000
7.911821	0.000000	0.000000
7.917865	0.000000	0.000000
7.923910	0.000000	0.000000
7.929955	0.000000	0.000000
7.936000	0.000000	0.000000
7.942045	0.000000	0.000000
7.948089	0.000000	0.000000
7.954134	0.000000	0.000000
7.960179	0.000000	0.000000
7.966224	0.000000	0.000000
7.972268	0.000000	0.000000
7.978313	0.000000	0.000000
7.984358	0.000000	0.000000
7.990403	0.000000	0.000000
7.996448	0.000000	0.000000
8.002492	0.000000	0.000000
8.008537	0.000000	0.000000
8.014582	0.000000	0.000000
8.020627	0.000000	0.000000
8.026671	0.000000	0.000000
8.032716	0.000000	0.000000
8.038761	0.000000	0.000000
8.044806	0.000000	0.000000
8.050851	0.000000	0.000000
8.056895	0.000000	0.000000
8.062940	0.000000	0.000000
8.068985	0.000000	0.000000
8.075030	0.000000	0.000000
8.081074	0.000000	0.000000
8.087119	0.000000	0.000000
8.093164	0.000000	0.000000
8.099209	0.000000	0.000000
8.105254	0.000000	0.000000
8.111298	0.000000	0.000000
8.117343	0.000000	0.000000
8.123388	0.000000	0.000000
8.129433	0.000000	0.000000
8.135477	0.000000	0.000000
8.141522	0.000000	0.000000
8.147567	0.000000	0.000000
8.153612	0.000000	0.000000
8.159657	0.000000	0.000000
8.165701	0.000000	0.000000
8.171746	0.000000	0.000000
8.177791	0.000000	0.000000
8.183836	0.000000	0.000000
8.189880	0.000000	0.000000
8.195925	0.000000	0.000000
8.201970	0.000000	0.000000
8.208015	0.000000	0.000000
8.214060	0.000000	0.000000
8.220104	0.000000	0.000000
8.226149	0.000000	0.000000
8.232194	0.000000	0.000000
8.238239	0.000000	0.000000
8.244283	0.000000	0.000000
8.250328	0.000000	0.000000
8.256373	0.000000	0.000000
8.262418	0.000000	0.000000
8.268463	0.000000	0.000000
8.274507	0.000000	0.000000
8.280552	0.000000	0.000000
8.286597	0.000000	0.000000
8.292642	0.000000	0.000000
8.298686	0.000000	0.000000
8.304731	0.000000	0.000000
8.310776	0.000000	0.000000
8.316821	0.000000	0.000000
8.322866	0.000000	0.000000
8.328910	0.000000	0.000000
8.334955	0.000000	0.000000
8.341000	0.000000	0.000000
8.347045	0.000000	0.000000
8.353089	0.000000	0.000000
8.359134	0.000000	0.000000
8.365179	0.000000	0.000000
8.371224	0.000000	0.000000
8.377269	0.000000	0.000000
8.383313	0.000000	0.000000
8.389358	0.000000	0.000000
8.395403	0.000000	0.000000
8.401448	0.000000	0.000000
8.407492	0.000000	0.000000
8.413537	0.000000	0.000000
8.419582	0.000000	0.000000
8.425627	0.000000	0.000000
8.431672	0.000000	0.000000
8.437716	0.000000	0.000000
8.443761	0.000000	0.000000
8.449806	0.000000	0.000000
8.455851	0.000000	0.000000
8.461895	0.000000	0.000000
8.467940	0.000000	0.000000
8.473985	0.000000	0.000000
8.480030	0.000000	0.000000
8.486075	0.000000	0.000000
8.492119	0.000000	0.000000
8.498164	0.000000	0.000000
