#Point-by-point error evaluated for the Solvent differentials.
#Q(Ang^(-1)   DS/DT     DS/Drho
0.005253	0.000000	0.000000
0.011297	0.000000	0.000000
0.017342	0.000000	0.000000
0.023387	0.000000	0.000000
0.029432	0.000000	0.000000
0.035477	0.000000	0.000000
0.041521	0.000000	0.000000
0.047566	0.000000	0.000000
0.053611	0.000000	0.000000
0.059656	0.000000	0.000000
0.065700	0.000000	0.000000
0.071745	0.000000	0.000000
0.077790	0.000000	0.000000
0.083835	0.000000	0.000000
0.089880	0.000000	0.000000
0.095924	0.000000	0.000000
0.101969	0.000000	0.000000
0.108014	0.000000	0.000000
0.114059	0.000000	0.000000
0.120103	0.000000	0.000000
0.126148	0.000000	0.000000
0.132193	0.000000	0.000000
0.138238	0.000000	0.000000
0.144283	0.000000	0.000000
0.150327	0.000000	0.000000
0.156372	0.000000	0.000000
0.162417	0.000000	0.000000
0.168462	0.000000	0.000000
0.174506	0.000000	0.000000
0.180551	0.000000	0.000000
0.186596	0.000000	0.000000
0.192641	0.000000	0.000000
0.198685	0.000000	0.000000
0.204730	0.000000	0.000000
0.210775	0.000000	0.000000
0.216820	0.000000	0.000000
0.222865	0.000000	0.000000
0.228909	0.000000	0.000000
0.234954	0.000000	0.000000
0.240999	0.000000	0.000000
0.247044	0.000000	0.000000
0.253088	0.000000	0.000000
0.259133	0.000000	0.000000
0.265178	0.000000	0.000000
0.271223	0.000000	0.000000
0.277268	0.000000	0.000000
0.283312	0.000000	0.000000
0.289357	0.000000	0.000000
0.295402	0.000000	0.000000
0.301447	0.000000	0.000000
0.307491	0.000000	0.000000
0.313536	0.000000	0.000000
0.319581	0.000000	0.000000
0.325626	0.000000	0.000000
0.331671	0.000000	0.000000
0.337715	0.000000	0.000000
0.343760	0.000000	0.000000
0.349805	0.000000	0.000000
0.355850	0.000000	0.000000
0.361894	0.000000	0.000000
0.367939	0.022666	0.132994
0.373984	0.022146	0.128579
0.380029	0.021950	0.126294
0.386074	0.022118	0.122930
0.392118	0.022643	0.100604
0.398163	0.023074	0.078156
0.404208	0.023160	0.055127
0.410253	0.023075	0.032117
0.416297	0.022697	0.011924
0.422342	0.021623	0.011917
0.428387	0.020957	0.012332
0.434432	0.020559	0.012704
0.440477	0.020069	0.012762
0.446521	0.019012	0.012610
0.452566	0.017774	0.012553
0.458611	0.015773	0.012390
0.464656	0.013767	0.012040
0.470700	0.011797	0.011579
0.476745	0.010712	0.011202
0.482790	0.010198	0.010726
0.488835	0.010227	0.010207
0.494880	0.010205	0.009920
0.500924	0.010224	0.009825
0.506969	0.009952	0.010171
0.513014	0.009370	0.010543
0.519059	0.008842	0.010916
0.525103	0.008338	0.011208
0.531148	0.007749	0.011422
0.537193	0.007277	0.011159
0.543238	0.007105	0.010935
0.549283	0.007088	0.010590
0.555327	0.007072	0.010122
0.561372	0.007050	0.009697
0.567417	0.006944	0.009603
0.573462	0.006831	0.009388
0.579506	0.006473	0.008841
0.585551	0.006258	0.008566
0.591596	0.006177	0.008212
0.597641	0.006281	0.007768
0.603686	0.006358	0.007473
0.609730	0.006512	0.007640
0.615775	0.006420	0.007531
0.621820	0.006324	0.007463
0.627865	0.006199	0.007555
0.633909	0.006170	0.007477
0.639954	0.006343	0.007475
0.645999	0.006716	0.007602
0.652044	0.007378	0.007685
0.658089	0.007968	0.007433
0.664133	0.008472	0.007279
0.670178	0.008580	0.007081
0.676223	0.008626	0.006912
0.682268	0.008164	0.006697
0.688312	0.007606	0.006628
0.694357	0.007346	0.006352
0.700402	0.007550	0.006107
0.706447	0.007748	0.005817
0.712492	0.008486	0.005640
0.718536	0.009191	0.005433
0.724581	0.009578	0.005464
0.730626	0.009347	0.005483
0.736671	0.008954	0.005547
0.742715	0.008329	0.005579
0.748760	0.008080	0.005727
0.754805	0.007881	0.005765
0.760850	0.008054	0.005749
0.766895	0.008464	0.005606
0.772939	0.008675	0.005661
0.778984	0.008706	0.005822
0.785029	0.008648	0.006007
0.791074	0.008577	0.006070
0.797118	0.008436	0.006304
0.803163	0.008369	0.006293
0.809208	0.008351	0.006361
0.815253	0.008406	0.006479
0.821298	0.008478	0.006828
0.827342	0.008543	0.007154
0.833387	0.008663	0.007654
0.839432	0.008615	0.007962
0.845477	0.008574	0.008488
0.851521	0.008680	0.008908
0.857566	0.008783	0.009193
0.863611	0.008900	0.009303
0.869656	0.009071	0.009394
0.875701	0.008939	0.009299
0.881745	0.008556	0.009236
0.887790	0.008168	0.009291
0.893835	0.007670	0.009264
0.899880	0.007147	0.009300
0.905924	0.006941	0.009281
0.911969	0.006836	0.009460
0.918014	0.006750	0.009638
0.924059	0.006717	0.010053
0.930103	0.006874	0.010384
0.936148	0.006750	0.010398
0.942193	0.006508	0.009992
0.948238	0.006097	0.009535
0.954283	0.005648	0.008734
0.960327	0.005031	0.007953
0.966372	0.004736	0.007628
0.972417	0.005065	0.007651
0.978462	0.005811	0.007645
0.984506	0.006738	0.007556
0.990551	0.007674	0.007255
0.996596	0.008633	0.007115
1.002641	0.009001	0.006858
1.008686	0.009176	0.006745
1.014730	0.009133	0.006956
1.020775	0.008902	0.007383
1.026820	0.008524	0.007611
1.032865	0.008318	0.007810
1.038909	0.008093	0.007914
1.044954	0.008034	0.008367
1.050999	0.008023	0.009007
1.057044	0.008061	0.010145
1.063089	0.008199	0.012569
1.069133	0.008485	0.016462
1.075178	0.009045	0.020735
1.081223	0.010031	0.025475
1.087268	0.011415	0.030384
1.093312	0.012278	0.034326
1.099357	0.013239	0.037855
1.105402	0.013752	0.041453
1.111447	0.013930	0.045153
1.117492	0.013274	0.048922
1.123536	0.012642	0.052737
1.129581	0.011021	0.055487
1.135626	0.009515	0.058240
1.141671	0.008237	0.060234
1.147715	0.007591	0.061806
1.153760	0.007336	0.062344
1.159805	0.007832	0.061432
1.165850	0.008466	0.057868
1.171895	0.009372	0.053968
1.177939	0.010615	0.052483
1.183984	0.013183	0.055794
1.190029	0.016624	0.065634
1.196074	0.021346	0.082425
1.202118	0.026675	0.104838
1.208163	0.032167	0.127843
1.214208	0.036416	0.149056
1.220253	0.039425	0.165898
1.226298	0.040087	0.176502
1.232342	0.038735	0.179285
1.238387	0.035171	0.175634
1.244432	0.030195	0.165190
1.250477	0.024512	0.149208
1.256521	0.019767	0.129480
1.262566	0.016533	0.107550
1.268611	0.015238	0.085869
1.274656	0.015295	0.067601
1.280701	0.016527	0.055902
1.286745	0.017933	0.052747
1.292790	0.019070	0.057914
1.298835	0.020002	0.068693
1.304880	0.020917	0.082077
1.310924	0.021319	0.094520
1.316969	0.021810	0.103556
1.323014	0.021681	0.108437
1.329059	0.021380	0.108973
1.335104	0.020894	0.106014
1.341148	0.020050	0.099516
1.347193	0.018820	0.090327
1.353238	0.017506	0.079239
1.359283	0.015843	0.068198
1.365327	0.013976	0.056627
1.371372	0.012252	0.046260
1.377417	0.010838	0.035871
1.383462	0.010062	0.027065
1.389507	0.009521	0.019729
1.395551	0.009306	0.014914
1.401596	0.009611	0.011703
1.407641	0.009908	0.011135
1.413686	0.010162	0.011578
1.419730	0.010397	0.011926
1.425775	0.010232	0.011946
1.431820	0.009826	0.011626
1.437865	0.009203	0.010967
1.443910	0.008213	0.010439
1.449954	0.007353	0.010101
1.455999	0.006824	0.009810
1.462044	0.006579	0.009907
1.468089	0.006444	0.010021
1.474133	0.006492	0.009659
1.480178	0.006523	0.009195
1.486223	0.006619	0.008868
1.492268	0.006677	0.008227
1.498313	0.006682	0.007685
1.504357	0.006688	0.007327
1.510402	0.006736	0.007010
1.516447	0.006822	0.006626
1.522492	0.006972	0.006555
1.528536	0.006777	0.006344
1.534581	0.006502	0.006045
1.540626	0.006233	0.005717
1.546671	0.005983	0.005531
1.552716	0.005708	0.005227
1.558760	0.005736	0.005102
1.564805	0.005789	0.004924
1.570850	0.005801	0.004584
1.576895	0.005641	0.004252
1.582939	0.005476	0.003996
1.588984	0.005099	0.003937
1.595029	0.004801	0.004033
1.601074	0.004502	0.004301
1.607118	0.004291	0.004468
1.613163	0.004081	0.004749
1.619208	0.004072	0.004856
1.625253	0.004045	0.004933
1.631298	0.003962	0.004939
1.637342	0.003867	0.004923
1.643387	0.003829	0.004718
1.649432	0.003829	0.004465
1.655477	0.003813	0.004215
1.661521	0.003847	0.003854
1.667566	0.003916	0.003629
1.673611	0.003860	0.003527
1.679656	0.003693	0.003528
1.685701	0.003640	0.003531
1.691745	0.003573	0.003701
1.697790	0.003582	0.003906
1.703835	0.003667	0.004028
1.709880	0.003776	0.004072
1.715924	0.003748	0.004040
1.721969	0.003755	0.004070
1.728014	0.003692	0.004085
1.734059	0.003635	0.004085
1.740104	0.003739	0.004083
1.746148	0.003888	0.004201
1.752193	0.003995	0.004314
1.758238	0.004080	0.004395
1.764283	0.004005	0.004486
1.770327	0.003846	0.004604
1.776372	0.003688	0.004715
1.782417	0.003558	0.004793
1.788462	0.003448	0.004874
1.794507	0.003440	0.004997
1.800551	0.003375	0.005098
1.806596	0.003213	0.005170
1.812641	0.003041	0.005220
1.818686	0.002918	0.005263
1.824730	0.002801	0.005244
1.830775	0.002666	0.005203
1.836820	0.002632	0.005143
1.842865	0.002696	0.005073
1.848910	0.002792	0.004999
1.854954	0.002920	0.004952
1.860999	0.003121	0.004893
1.867044	0.003391	0.004735
1.873089	0.003567	0.004636
1.879133	0.003599	0.004600
1.885178	0.003709	0.004686
1.891223	0.003896	0.004794
1.897268	0.004136	0.005022
1.903313	0.004378	0.005255
1.909357	0.004672	0.005448
1.915402	0.004883	0.005583
1.921447	0.005039	0.005738
1.927492	0.005164	0.005958
1.933536	0.005359	0.006123
1.939581	0.005635	0.006278
1.945626	0.005877	0.006344
1.951671	0.006098	0.006285
1.957716	0.006127	0.006103
1.963760	0.005986	0.005744
1.969805	0.005718	0.005337
1.975850	0.005485	0.004954
1.981895	0.005249	0.004664
1.987939	0.005134	0.004420
1.993984	0.005053	0.004122
2.000029	0.004942	0.003778
2.006074	0.004642	0.003379
2.012119	0.004286	0.003004
2.018163	0.003889	0.002635
2.024208	0.003565	0.002472
2.030253	0.003371	0.002422
2.036298	0.003413	0.002431
2.042342	0.003515	0.002469
2.048387	0.003685	0.002511
2.054432	0.003907	0.002630
2.060477	0.004059	0.002719
2.066522	0.004041	0.002858
2.072566	0.004130	0.002963
2.078611	0.004220	0.003125
2.084656	0.004318	0.003220
2.090701	0.004440	0.003264
2.096745	0.004677	0.003205
2.102790	0.004806	0.003176
2.108835	0.004824	0.003290
2.114880	0.004680	0.003632
2.120925	0.004418	0.004053
2.126969	0.004134	0.004466
2.133014	0.003909	0.004842
2.139059	0.003776	0.004948
2.145104	0.003710	0.004798
2.151148	0.003725	0.004679
2.157193	0.003756	0.004618
2.163238	0.003838	0.004576
2.169283	0.003876	0.004619
2.175328	0.003979	0.004701
2.181372	0.003763	0.004727
2.187417	0.003703	0.004751
2.193462	0.003588	0.004767
2.199507	0.003701	0.004817
2.205551	0.003816	0.004863
2.211596	0.004283	0.004893
2.217641	0.004640	0.004822
2.223686	0.004887	0.004656
2.229731	0.004895	0.004452
2.235775	0.004865	0.004539
2.241820	0.004812	0.004647
2.247865	0.004715	0.004830
2.253910	0.004673	0.005026
2.259954	0.004655	0.005137
2.265999	0.004677	0.004878
2.272044	0.004733	0.004604
2.278089	0.004794	0.004424
2.284134	0.004759	0.004336
2.290178	0.004714	0.004322
2.296223	0.004641	0.004391
2.302268	0.004540	0.004442
2.308313	0.004386	0.004338
2.314357	0.004327	0.004263
2.320402	0.004291	0.004146
2.326447	0.004161	0.004125
2.332492	0.004016	0.004132
2.338536	0.003869	0.004236
2.344581	0.003639	0.004199
2.350626	0.003402	0.004119
2.356671	0.003157	0.003920
2.362716	0.002922	0.003786
2.368760	0.002759	0.003657
2.374805	0.002677	0.003605
2.380850	0.002551	0.003635
2.386895	0.002510	0.003572
2.392939	0.002497	0.003555
2.398984	0.002470	0.003562
2.405029	0.002514	0.003616
2.411074	0.002573	0.003666
2.417119	0.002624	0.003860
2.423163	0.002710	0.003988
2.429208	0.002836	0.004064
2.435253	0.002999	0.004021
2.441298	0.003272	0.003977
2.447342	0.003626	0.003936
2.453387	0.003950	0.003842
2.459432	0.004250	0.003767
2.465477	0.004408	0.003773
2.471522	0.004475	0.003744
2.477566	0.004397	0.003654
2.483611	0.004449	0.003624
2.489656	0.004524	0.003590
2.495701	0.004671	0.003580
2.501745	0.004860	0.003655
2.507790	0.005110	0.003770
2.513835	0.005139	0.003750
2.519880	0.005084	0.003743
2.525925	0.004828	0.003740
2.531969	0.004513	0.003721
2.538014	0.004229	0.003805
2.544059	0.004133	0.004025
2.550104	0.004078	0.004219
2.556148	0.004111	0.004371
2.562193	0.004124	0.004488
2.568238	0.004058	0.004438
2.574283	0.003781	0.004318
2.580328	0.003503	0.004193
2.586372	0.003314	0.004045
2.592417	0.003234	0.003932
2.598462	0.003215	0.003963
2.604507	0.003218	0.004008
2.610551	0.003238	0.004072
2.616596	0.003273	0.004147
2.622641	0.003268	0.004132
2.628686	0.003272	0.003988
2.634731	0.003333	0.003847
2.640775	0.003395	0.003707
2.646820	0.003435	0.003595
2.652865	0.003530	0.003576
2.658910	0.003633	0.003623
2.664954	0.003910	0.003748
2.670999	0.004183	0.003835
2.677044	0.004400	0.003927
2.683089	0.004532	0.003985
2.689134	0.004650	0.004073
2.695178	0.004606	0.004110
2.701223	0.004548	0.004200
2.707268	0.004527	0.004274
2.713313	0.004564	0.004419
2.719357	0.004582	0.004546
2.725402	0.004507	0.004539
2.731447	0.004367	0.004399
2.737492	0.004145	0.004231
2.743537	0.003876	0.003962
2.749581	0.003630	0.003707
2.755626	0.003498	0.003580
2.761671	0.003415	0.003558
2.767716	0.003439	0.003566
2.773760	0.003407	0.003539
2.779805	0.003381	0.003406
2.785850	0.003329	0.003137
2.791895	0.003270	0.002873
2.797940	0.003171	0.002669
2.803984	0.003142	0.002512
2.810029	0.003241	0.002567
2.816074	0.003348	0.002744
2.822119	0.003455	0.002923
2.828163	0.003581	0.003079
2.834208	0.003770	0.003267
2.840253	0.003832	0.003336
2.846298	0.003890	0.003412
2.852343	0.003918	0.003471
2.858387	0.003951	0.003515
2.864432	0.003916	0.003646
2.870477	0.003844	0.003751
2.876522	0.003708	0.003794
2.882566	0.003634	0.003779
2.888611	0.003559	0.003750
2.894656	0.003495	0.003592
2.900701	0.003503	0.003480
2.906746	0.003556	0.003487
2.912790	0.003527	0.003601
2.918835	0.003496	0.003685
2.924880	0.003407	0.003785
2.930925	0.003246	0.003676
2.936969	0.003094	0.003501
2.943014	0.003007	0.003315
2.949059	0.002905	0.003208
2.955104	0.002839	0.003117
2.961149	0.002771	0.003186
2.967193	0.002663	0.003240
2.973238	0.002648	0.003295
2.979283	0.002645	0.003312
2.985328	0.002595	0.003173
2.991372	0.002618	0.003028
2.997417	0.002689	0.002925
3.003462	0.002672	0.002817
3.009507	0.002669	0.002706
3.015551	0.002707	0.002660
3.021596	0.002699	0.002586
3.027641	0.002614	0.002473
3.033686	0.002590	0.002360
3.039731	0.002573	0.002264
3.045775	0.002600	0.002232
3.051820	0.002646	0.002229
3.057865	0.002748	0.002208
3.063910	0.002744	0.002169
3.069954	0.002688	0.002151
3.075999	0.002521	0.002152
3.082044	0.002340	0.002097
3.088089	0.002190	0.002059
3.094134	0.002141	0.002017
3.100178	0.002112	0.001947
3.106223	0.002227	0.001898
3.112268	0.002312	0.001900
3.118313	0.002392	0.001914
3.124357	0.002408	0.001955
3.130402	0.002399	0.002022
3.136447	0.002283	0.002124
3.142492	0.002201	0.002211
3.148537	0.002119	0.002290
3.154581	0.002067	0.002329
3.160626	0.002172	0.002286
3.166671	0.002306	0.002223
3.172716	0.002436	0.002266
3.178760	0.002585	0.002306
3.184805	0.002718	0.002432
3.190850	0.002774	0.002601
3.196895	0.002804	0.002713
3.202940	0.002835	0.002713
3.208984	0.002852	0.002742
3.215029	0.002849	0.002709
3.221074	0.002829	0.002826
3.227119	0.002806	0.003010
3.233163	0.002865	0.003230
3.239208	0.002914	0.003393
3.245253	0.002990	0.003546
3.251298	0.003049	0.003562
3.257343	0.003134	0.003376
3.263387	0.003120	0.003169
3.269432	0.003143	0.002980
3.275477	0.003124	0.002795
3.281522	0.003080	0.002655
3.287566	0.003032	0.002677
3.293611	0.003008	0.002696
3.299656	0.002949	0.002721
3.305701	0.002852	0.002742
3.311746	0.002786	0.002709
3.317790	0.002720	0.002701
3.323835	0.002641	0.002709
3.329880	0.002553	0.002716
3.335925	0.002551	0.002733
3.341969	0.002462	0.002736
3.348014	0.002448	0.002690
3.354059	0.002464	0.002623
3.360104	0.002392	0.002582
3.366149	0.002307	0.002542
3.372193	0.002307	0.002514
3.378238	0.002230	0.002478
3.384283	0.002118	0.002512
3.390328	0.002101	0.002515
3.396372	0.002039	0.002530
3.402417	0.001938	0.002555
3.408462	0.001942	0.002569
3.414507	0.001979	0.002528
3.420552	0.002009	0.002498
3.426596	0.002103	0.002414
3.432641	0.002184	0.002364
3.438686	0.002176	0.002318
3.444731	0.002138	0.002267
3.450775	0.002051	0.002211
3.456820	0.001937	0.002200
3.462865	0.001904	0.002160
3.468910	0.001922	0.002159
3.474955	0.002004	0.002176
3.480999	0.002145	0.002214
3.487044	0.002292	0.002249
3.493089	0.002399	0.002301
3.499134	0.002438	0.002348
3.505178	0.002398	0.002357
3.511223	0.002403	0.002341
3.517268	0.002429	0.002367
3.523313	0.002502	0.002413
3.529358	0.002568	0.002412
3.535402	0.002653	0.002474
3.541447	0.002693	0.002523
3.547492	0.002697	0.002534
3.553537	0.002688	0.002529
3.559581	0.002625	0.002560
3.565626	0.002531	0.002572
3.571671	0.002480	0.002640
3.577716	0.002490	0.002734
3.583761	0.002512	0.002825
3.589805	0.002588	0.002929
3.595850	0.002686	0.003015
3.601895	0.002745	0.003044
3.607940	0.002679	0.002981
3.613984	0.002591	0.002861
3.620029	0.002523	0.002784
3.626074	0.002429	0.002723
3.632119	0.002350	0.002657
3.638164	0.002361	0.002639
3.644208	0.002371	0.002649
3.650253	0.002381	0.002581
3.656298	0.002452	0.002507
3.662343	0.002516	0.002410
3.668387	0.002541	0.002279
3.674432	0.002500	0.002127
3.680477	0.002453	0.001981
3.686522	0.002381	0.001819
3.692567	0.002323	0.001686
3.698611	0.002345	0.001608
3.704656	0.002420	0.001603
3.710701	0.002540	0.001673
3.716746	0.002794	0.001798
3.722790	0.003055	0.001936
3.728835	0.003254	0.002119
3.734880	0.003438	0.002243
3.740925	0.003521	0.002340
3.746969	0.003454	0.002393
3.753014	0.003312	0.002450
3.759059	0.003201	0.002469
3.765104	0.003089	0.002495
3.771149	0.003087	0.002543
3.777193	0.003088	0.002626
3.783238	0.003127	0.002685
3.789283	0.003152	0.002731
3.795328	0.003182	0.002749
3.801372	0.003117	0.002715
3.807417	0.003040	0.002644
3.813462	0.003004	0.002658
3.819507	0.002994	0.002702
3.825552	0.002834	0.002717
3.831596	0.002599	0.002729
3.837641	0.002313	0.002748
3.843686	0.002028	0.002692
3.849731	0.001727	0.002610
3.855775	0.001582	0.002566
3.861820	0.001598	0.002522
3.867865	0.001721	0.002420
3.873910	0.001798	0.002326
3.879955	0.001854	0.002249
3.885999	0.001873	0.002152
3.892044	0.001833	0.001997
3.898089	0.001782	0.001898
3.904134	0.001748	0.001803
3.910178	0.001723	0.001669
3.916223	0.001727	0.001586
3.922268	0.001747	0.001586
3.928313	0.001746	0.001582
3.934358	0.001737	0.001572
3.940402	0.001734	0.001647
3.946447	0.001736	0.001698
3.952492	0.001790	0.001785
3.958537	0.001855	0.001945
3.964581	0.001900	0.002116
3.970626	0.001941	0.002214
3.976671	0.002027	0.002320
3.982716	0.002057	0.002390
3.988761	0.002108	0.002389
3.994805	0.002195	0.002384
4.000850	0.002283	0.002391
4.006895	0.002348	0.002407
4.012940	0.002431	0.002445
4.018984	0.002503	0.002496
4.025029	0.002592	0.002547
4.031074	0.002680	0.002596
4.037119	0.002755	0.002634
4.043164	0.002829	0.002639
4.049208	0.002908	0.002648
4.055253	0.002952	0.002660
4.061298	0.002979	0.002693
4.067343	0.002985	0.002698
4.073387	0.002956	0.002676
4.079432	0.002927	0.002664
4.085477	0.002891	0.002624
4.091522	0.002904	0.002556
4.097567	0.002987	0.002518
4.103611	0.003103	0.002490
4.109656	0.003194	0.002437
4.115701	0.003312	0.002415
4.121746	0.003404	0.002399
4.127790	0.003446	0.002316
4.133835	0.003507	0.002243
4.139880	0.003581	0.002176
4.145925	0.003624	0.002108
4.151970	0.003583	0.002043
4.158014	0.003480	0.002048
4.164059	0.003383	0.002070
4.170104	0.003313	0.002080
4.176149	0.003263	0.002095
4.182193	0.003292	0.002111
4.188238	0.003369	0.002084
4.194283	0.003377	0.002011
4.200328	0.003298	0.001913
4.206373	0.003208	0.001796
4.212417	0.003050	0.001646
4.218462	0.002920	0.001558
4.224507	0.002845	0.001480
4.230552	0.002758	0.001457
4.236596	0.002581	0.001463
4.242641	0.002443	0.001517
4.248686	0.002303	0.001575
4.254731	0.002149	0.001668
4.260776	0.002048	0.001774
4.266820	0.002032	0.001840
4.272865	0.002043	0.001867
4.278910	0.002022	0.001840
4.284955	0.002016	0.001832
4.290999	0.002011	0.001826
4.297044	0.002002	0.001966
4.303089	0.002061	0.002194
4.309134	0.002159	0.002455
4.315179	0.002237	0.002591
4.321223	0.002315	0.002610
4.327268	0.002427	0.002467
4.333313	0.002473	0.002201
4.339358	0.002503	0.001928
4.345402	0.002533	0.001735
4.351447	0.002528	0.001623
4.357492	0.002447	0.001577
4.363537	0.002523	0.001727
4.369582	0.002662	0.001914
4.375626	0.002808	0.002100
4.381671	0.002974	0.002211
4.387716	0.003190	0.002280
4.393761	0.003260	0.002201
4.399805	0.003309	0.002075
4.405850	0.003360	0.001992
4.411895	0.003423	0.001997
4.417940	0.003471	0.002013
4.423984	0.003493	0.002037
4.430029	0.003464	0.002094
4.436074	0.003431	0.002133
4.442119	0.003412	0.002127
4.448164	0.003438	0.002135
4.454208	0.003499	0.002118
4.460253	0.003570	0.002074
4.466298	0.003605	0.002014
4.472343	0.003621	0.001998
4.478387	0.003513	0.001917
4.484432	0.003286	0.001851
4.490477	0.003053	0.001799
4.496522	0.002858	0.001761
4.502567	0.002684	0.001705
4.508611	0.002497	0.001708
4.514656	0.002379	0.001728
4.520701	0.002228	0.001791
4.526746	0.002071	0.001934
4.532790	0.001916	0.002070
4.538835	0.001873	0.002188
4.544880	0.001870	0.002312
4.550925	0.001895	0.002456
4.556970	0.001912	0.002563
4.563014	0.001881	0.002688
4.569059	0.001847	0.002855
4.575104	0.001807	0.002995
4.581149	0.001768	0.003047
4.587193	0.001747	0.003034
4.593238	0.001758	0.002966
4.599283	0.001712	0.002873
4.605328	0.001605	0.002793
4.611373	0.001528	0.002697
4.617417	0.001490	0.002616
4.623462	0.001434	0.002574
4.629507	0.001426	0.002523
4.635552	0.001463	0.002424
4.641596	0.001493	0.002286
4.647641	0.001547	0.002129
4.653686	0.001659	0.001966
4.659731	0.001791	0.001808
4.665776	0.001928	0.001700
4.671820	0.002139	0.001728
4.677865	0.002320	0.001784
4.683910	0.002460	0.001852
4.689955	0.002598	0.001924
4.695999	0.002746	0.001981
4.702044	0.002798	0.001972
4.708089	0.002804	0.001952
4.714134	0.002808	0.001916
4.720179	0.002828	0.001868
4.726223	0.002843	0.001899
4.732268	0.002860	0.001937
4.738313	0.002891	0.001946
4.744358	0.002933	0.002095
4.750402	0.002976	0.002281
4.756447	0.003036	0.002403
4.762492	0.003083	0.002524
4.768537	0.003126	0.002684
4.774582	0.003157	0.002715
4.780626	0.003166	0.002722
4.786671	0.003124	0.002728
4.792716	0.003077	0.002730
4.798761	0.003013	0.002678
4.804805	0.002914	0.002589
4.810850	0.002831	0.002499
4.816895	0.002759	0.002412
4.822940	0.002691	0.002325
4.828985	0.002584	0.002283
4.835029	0.002543	0.002262
4.841074	0.002553	0.002219
4.847119	0.002593	0.002190
4.853164	0.002585	0.002174
4.859208	0.002590	0.002158
4.865253	0.002526	0.002170
4.871298	0.002341	0.002155
4.877343	0.002139	0.002085
4.883388	0.002003	0.002056
4.889432	0.001905	0.002107
4.895477	0.001849	0.002179
4.901522	0.001850	0.002291
4.907567	0.001854	0.002451
4.913611	0.001873	0.002578
4.919656	0.001871	0.002617
4.925701	0.001955	0.002602
4.931746	0.002065	0.002579
4.937791	0.002209	0.002528
4.943835	0.002332	0.002461
4.949880	0.002473	0.002428
4.955925	0.002541	0.002456
4.961970	0.002602	0.002498
4.968014	0.002643	0.002556
4.974059	0.002698	0.002618
4.980104	0.002748	0.002659
4.986149	0.002787	0.002667
4.992194	0.002817	0.002672
4.998238	0.002856	0.002685
5.004283	0.002882	0.002747
5.010328	0.002891	0.002835
5.016373	0.002867	0.002880
5.022417	0.002825	0.002824
5.028462	0.002770	0.002697
5.034507	0.002718	0.002517
5.040552	0.002605	0.002311
5.046597	0.002383	0.002141
5.052641	0.002163	0.002075
5.058686	0.001949	0.002090
5.064731	0.001738	0.002075
5.070776	0.001612	0.002008
5.076820	0.001604	0.001938
5.082865	0.001596	0.001870
5.088910	0.001602	0.001789
5.094955	0.001671	0.001718
5.100999	0.001709	0.001666
5.107044	0.001782	0.001593
5.113089	0.001864	0.001488
5.119134	0.001990	0.001413
5.125179	0.002068	0.001413
5.131223	0.002171	0.001458
5.137268	0.002279	0.001526
5.143313	0.002384	0.001625
5.149358	0.002394	0.001695
5.155402	0.002371	0.001703
5.161447	0.002339	0.001662
5.167492	0.002320	0.001607
5.173537	0.002311	0.001582
5.179582	0.002346	0.001606
5.185626	0.002412	0.001676
5.191671	0.002474	0.001757
5.197716	0.002484	0.001847
5.203761	0.002466	0.001926
5.209805	0.002364	0.001945
5.215850	0.002217	0.001914
5.221895	0.002087	0.001923
5.227940	0.002000	0.001954
5.233985	0.001898	0.001956
5.240029	0.001837	0.001929
5.246074	0.001800	0.001904
5.252119	0.001796	0.001862
5.258164	0.001748	0.001814
5.264208	0.001730	0.001775
5.270253	0.001745	0.001757
5.276298	0.001757	0.001745
5.282343	0.001737	0.001792
5.288388	0.001750	0.001808
5.294432	0.001780	0.001783
5.300477	0.001841	0.001746
5.306522	0.001874	0.001760
5.312567	0.001896	0.001708
5.318611	0.001940	0.001684
5.324656	0.001953	0.001690
5.330701	0.001926	0.001731
5.336746	0.001917	0.001724
5.342791	0.001922	0.001738
5.348835	0.001934	0.001783
5.354880	0.001945	0.001835
5.360925	0.001946	0.001882
5.366970	0.001949	0.001937
5.373014	0.001940	0.001980
5.379059	0.001895	0.001982
5.385104	0.001861	0.001988
5.391149	0.001875	0.001986
5.397194	0.001889	0.001965
5.403238	0.001916	0.001937
5.409283	0.001935	0.001910
5.415328	0.001951	0.001877
5.421373	0.001931	0.001839
5.427417	0.001910	0.001799
5.433462	0.001882	0.001757
5.439507	0.001846	0.001717
5.445552	0.001829	0.001683
5.451597	0.001838	0.001672
5.457641	0.001865	0.001671
5.463686	0.001897	0.001665
5.469731	0.001947	0.001660
5.475776	0.001944	0.001591
5.481820	0.001898	0.001499
5.487865	0.001800	0.001449
5.493910	0.001697	0.001438
5.499955	0.001584	0.001366
5.506000	0.001497	0.001334
5.512044	0.001457	0.001313
5.518089	0.001451	0.001252
5.524134	0.001468	0.001233
5.530179	0.001506	0.001313
5.536223	0.001549	0.001424
5.542268	0.001560	0.001546
5.548313	0.001598	0.001661
5.554358	0.001616	0.001680
5.560403	0.001619	0.001639
5.566447	0.001618	0.001559
5.572492	0.001620	0.001462
5.578537	0.001598	0.001391
5.584582	0.001583	0.001349
5.590626	0.001564	0.001325
5.596671	0.001556	0.001332
5.602716	0.001547	0.001330
5.608761	0.001547	0.001293
5.614806	0.001535	0.001269
5.620850	0.001526	0.001249
5.626895	0.001499	0.001220
5.632940	0.001508	0.001219
5.638985	0.001532	0.001226
5.645029	0.001578	0.001220
5.651074	0.001626	0.001218
5.657119	0.001680	0.001331
5.663164	0.001666	0.001496
5.669209	0.001634	0.001667
5.675253	0.001583	0.001834
5.681298	0.001542	0.002000
5.687343	0.001514	0.002070
5.693388	0.001523	0.002109
5.699432	0.001553	0.002174
5.705477	0.001619	0.002268
5.711522	0.001654	0.002360
5.717567	0.001711	0.002429
5.723612	0.001769	0.002473
5.729656	0.001833	0.002488
5.735701	0.001864	0.002477
5.741746	0.001952	0.002502
5.747791	0.002034	0.002576
5.753835	0.002122	0.002651
5.759880	0.002204	0.002725
5.765925	0.002294	0.002782
5.771970	0.002332	0.002722
5.778015	0.002349	0.002509
5.784059	0.002382	0.002288
5.790104	0.002406	0.002076
5.796149	0.002414	0.001886
5.802194	0.002430	0.001774
5.808238	0.002492	0.001768
5.814283	0.002567	0.001768
5.820328	0.002662	0.001763
5.826373	0.002760	0.001807
5.832417	0.002833	0.001927
5.838462	0.002843	0.002102
5.844507	0.002844	0.002274
5.850552	0.002804	0.002449
5.856597	0.002764	0.002564
5.862641	0.002761	0.002608
5.868686	0.002768	0.002580
5.874731	0.002679	0.002522
5.880776	0.002584	0.002441
5.886820	0.002486	0.002366
5.892865	0.002407	0.002291
5.898910	0.002318	0.002299
5.904955	0.002253	0.002366
5.911000	0.002221	0.002368
5.917044	0.002180	0.002340
5.923089	0.002110	0.002311
5.929134	0.002013	0.002232
5.935179	0.001980	0.002138
5.941223	0.001946	0.002103
5.947268	0.001916	0.002052
5.953313	0.001904	0.001980
5.959358	0.001951	0.001894
5.965403	0.001948	0.001808
5.971447	0.001891	0.001745
5.977492	0.001840	0.001734
5.983537	0.001825	0.001809
5.989582	0.001797	0.001897
5.995626	0.001796	0.001978
6.001671	0.001838	0.002082
6.007716	0.001872	0.002193
6.013761	0.001884	0.002197
6.019806	0.001899	0.002083
6.025850	0.001914	0.001943
6.031895	0.001930	0.001796
6.037940	0.001940	0.001652
6.043985	0.001930	0.001556
6.050029	0.001928	0.001620
6.056074	0.001956	0.001798
6.062119	0.001980	0.001971
6.068164	0.002012	0.002109
6.074209	0.002044	0.002213
6.080253	0.002053	0.002208
6.086298	0.001959	0.002044
6.092343	0.001854	0.001860
6.098388	0.001804	0.001831
6.104432	0.001742	0.001832
6.110477	0.001718	0.001895
6.116522	0.001761	0.002034
6.122567	0.001844	0.002253
6.128612	0.001914	0.002428
6.134656	0.002003	0.002607
6.140701	0.002008	0.002718
6.146746	0.002013	0.002811
6.152791	0.001991	0.002835
6.158835	0.001922	0.002804
6.164880	0.001842	0.002785
6.170925	0.001870	0.002832
6.176970	0.002029	0.002900
6.183015	0.002218	0.002968
6.189059	0.002392	0.002997
6.195104	0.002540	0.003043
6.201149	0.002631	0.003026
6.207194	0.002593	0.002974
6.213238	0.002525	0.002921
6.219283	0.002488	0.002911
6.225328	0.002476	0.002855
6.231373	0.002529	0.002902
6.237418	0.002643	0.002980
6.243462	0.002742	0.002967
6.249507	0.002793	0.002852
6.255552	0.002848	0.002787
6.261597	0.002866	0.002789
6.267641	0.002782	0.002807
6.273686	0.002702	0.002937
6.279731	0.002665	0.003123
6.285776	0.002643	0.003274
6.291821	0.002557	0.003309
6.297865	0.002467	0.003349
6.303910	0.002399	0.003407
6.309955	0.002332	0.003469
6.316000	0.002234	0.003529
6.322044	0.002180	0.003592
6.328089	0.002173	0.003605
6.334134	0.002155	0.003537
6.340179	0.002128	0.003459
6.346224	0.002106	0.003381
6.352268	0.002045	0.003323
6.358313	0.002000	0.003308
6.364358	0.001976	0.003329
6.370403	0.001899	0.003210
6.376447	0.001851	0.002979
6.382492	0.001884	0.002615
6.388537	0.001888	0.002241
6.394582	0.001904	0.001870
6.400627	0.002052	0.001663
6.406671	0.002172	0.001577
6.412716	0.002271	0.001609
6.418761	0.002360	0.001600
6.424806	0.002419	0.001589
6.430850	0.002415	0.001634
6.436895	0.002430	0.001792
6.442940	0.002438	0.002068
6.448985	0.002474	0.002374
6.455030	0.002556	0.002669
6.461074	0.002658	0.002887
6.467119	0.002747	0.002960
6.473164	0.002814	0.002938
6.479209	0.002871	0.002920
6.485253	0.002895	0.002946
6.491298	0.002875	0.002979
6.497343	0.002876	0.003043
6.503388	0.002899	0.003072
6.509432	0.002897	0.003060
6.515477	0.002844	0.002903
6.521522	0.002821	0.002677
6.527567	0.002725	0.002422
6.533612	0.002615	0.002179
6.539656	0.002525	0.001989
6.545701	0.002467	0.001927
6.551746	0.002455	0.001889
6.557791	0.002538	0.001804
6.563835	0.002614	0.001705
6.569880	0.002646	0.001568
6.575925	0.002663	0.001424
6.581970	0.002627	0.001337
6.588015	0.002547	0.001336
6.594059	0.002491	0.001373
6.600104	0.002451	0.001433
6.606149	0.002448	0.001513
6.612194	0.002442	0.001576
6.618238	0.002476	0.001623
6.624283	0.002723	0.001791
6.630328	0.002994	0.001963
6.636373	0.003255	0.002126
6.642418	0.003538	0.002296
6.648462	0.003878	0.002472
6.654507	0.004019	0.002514
6.660552	0.004170	0.002539
6.666597	0.004317	0.002544
6.672641	0.004382	0.002546
6.678686	0.004354	0.002547
6.684731	0.004310	0.002523
6.690776	0.004264	0.002516
6.696821	0.004187	0.002509
6.702865	0.004127	0.002511
6.708910	0.004121	0.002501
6.714955	0.004146	0.002506
6.721000	0.004220	0.002555
6.727044	0.004253	0.002595
6.733089	0.004207	0.002628
6.739134	0.004095	0.002684
6.745179	0.003952	0.002742
6.751224	0.003688	0.002659
6.757268	0.003447	0.002581
6.763313	0.003312	0.002518
6.769358	0.003165	0.002438
6.775403	0.003014	0.002354
6.781447	0.002937	0.002356
6.787492	0.002896	0.002359
6.793537	0.002856	0.002346
6.799582	0.002818	0.002360
6.805627	0.002786	0.002429
6.811671	0.002749	0.002509
6.817716	0.002779	0.002607
6.823761	0.002820	0.002715
6.829806	0.002837	0.002855
6.835850	0.002835	0.002940
6.841895	0.002830	0.002992
6.847940	0.002788	0.003032
6.853985	0.002679	0.003064
6.860030	0.002574	0.003040
6.866074	0.002457	0.003010
6.872119	0.002335	0.002984
6.878164	0.002194	0.002969
6.884209	0.002122	0.002970
6.890253	0.002095	0.002985
6.896298	0.002121	0.003038
6.902343	0.002221	0.003124
6.908388	0.002308	0.003143
6.914433	0.002391	0.003118
6.920477	0.002445	0.003050
6.926522	0.002474	0.002953
6.932567	0.002417	0.002823
6.938612	0.002393	0.002700
6.944656	0.002384	0.002633
6.950701	0.002411	0.002595
6.956746	0.002438	0.002539
6.962791	0.002481	0.002538
6.968836	0.002521	0.002683
6.974880	0.002539	0.002852
6.980925	0.002546	0.003061
6.986970	0.002556	0.003315
6.993015	0.002576	0.003555
6.999059	0.002595	0.003701
7.005104	0.002619	0.003725
7.011149	0.002650	0.003686
7.017194	0.002658	0.003723
7.023239	0.002678	0.003806
7.029283	0.002700	0.003881
7.035328	0.002791	0.004021
7.041373	0.002920	0.004186
7.047418	0.003072	0.004248
7.053462	0.003212	0.004192
7.059507	0.003302	0.004029
7.065552	0.003321	0.003785
7.071597	0.003315	0.003517
7.077642	0.003311	0.003241
7.083686	0.003302	0.003030
7.089731	0.003342	0.002963
7.095776	0.003382	0.002985
7.101821	0.003420	0.003018
7.107865	0.003449	0.003061
7.113910	0.003429	0.003087
7.119955	0.003375	0.003061
7.126000	0.003338	0.003020
7.132045	0.003296	0.002949
7.138089	0.003251	0.002914
7.144134	0.003224	0.002867
7.150179	0.003091	0.002824
7.156224	0.002927	0.002795
7.162268	0.002745	0.002812
7.168313	0.002503	0.002777
7.174358	0.002293	0.002792
7.180403	0.002231	0.002799
7.186448	0.002178	0.002790
7.192492	0.002117	0.002840
7.198537	0.002254	0.002980
7.204582	0.002355	0.003052
7.210627	0.002424	0.003121
7.216671	0.002520	0.003209
7.222716	0.002654	0.003214
7.228761	0.002664	0.003100
7.234806	0.002719	0.003045
7.240850	0.002785	0.003022
7.246895	0.002832	0.002985
7.252940	0.002857	0.002907
7.258985	0.002853	0.002854
7.265030	0.002838	0.002805
7.271074	0.002848	0.002743
7.277119	0.002900	0.002703
7.283164	0.002955	0.002769
7.289209	0.003060	0.002841
7.295253	0.003183	0.002884
7.301298	0.003288	0.002917
7.307343	0.003304	0.002936
7.313388	0.003247	0.002923
7.319433	0.003120	0.002945
7.325477	0.002987	0.002980
7.331522	0.002803	0.003025
7.337567	0.002669	0.003119
7.343612	0.002603	0.003218
7.349656	0.002586	0.003332
7.355701	0.002571	0.003432
7.361746	0.002610	0.003525
7.367791	0.002700	0.003626
7.373836	0.002787	0.003707
7.379880	0.002844	0.003801
7.385925	0.002856	0.003915
7.391970	0.002808	0.004038
7.398015	0.002712	0.004100
7.404059	0.002550	0.004165
7.410104	0.002404	0.004134
7.416149	0.002314	0.003993
7.422194	0.002275	0.003798
7.428239	0.002236	0.003595
7.434283	0.002264	0.003396
7.440328	0.002282	0.003212
7.446373	0.002289	0.003135
7.452418	0.002269	0.003118
7.458462	0.002263	0.003060
7.464507	0.002259	0.003020
7.470552	0.002265	0.003069
7.476597	0.002185	0.003128
7.482642	0.002336	0.003181
7.488686	0.002583	0.003291
7.494731	0.002773	0.003365
7.500776	0.002963	0.003385
7.506821	0.003251	0.003383
7.512865	0.003396	0.003398
7.518910	0.003476	0.003399
7.524955	0.003638	0.003414
7.531000	0.003816	0.003408
7.537045	0.003972	0.003299
7.543089	0.004071	0.003182
7.549134	0.004131	0.003160
7.555179	0.004146	0.003182
7.561224	0.004139	0.003207
7.567268	0.004111	0.003333
7.573313	0.004076	0.003473
7.579358	0.004016	0.003549
7.585403	0.003969	0.003551
7.591448	0.003915	0.003547
7.597492	0.003796	0.003533
7.603537	0.003612	0.003483
7.609582	0.003442	0.003368
7.615627	0.003329	0.003273
7.621671	0.003223	0.003178
7.627716	0.003191	0.003095
7.633761	0.003249	0.003070
7.639806	0.003345	0.003099
7.645851	0.003371	0.003214
7.651895	0.003359	0.003327
7.657940	0.003419	0.003397
7.663985	0.003498	0.003393
7.670030	0.003540	0.003377
7.676074	0.003541	0.003310
7.682119	0.003571	0.003232
7.688164	0.003549	0.003205
7.694209	0.003500	0.003207
7.700254	0.003445	0.003244
7.706298	0.003507	0.003321
7.712343	0.003601	0.003457
7.718388	0.003646	0.003603
7.724433	0.003553	0.003777
7.730477	0.003519	0.003958
7.736522	0.000000	0.000000
7.742567	0.000000	0.000000
7.748612	0.000000	0.000000
7.754657	0.000000	0.000000
7.760701	0.000000	0.000000
7.766746	0.000000	0.000000
7.772791	0.000000	0.000000
7.778836	0.000000	0.000000
7.784880	0.000000	0.000000
7.790925	0.000000	0.000000
7.796970	0.000000	0.000000
7.803015	0.000000	0.000000
7.809060	0.000000	0.000000
7.815104	0.000000	0.000000
7.821149	0.000000	0.000000
7.827194	0.000000	0.000000
7.833239	0.000000	0.000000
7.839283	0.000000	0.000000
7.845328	0.000000	0.000000
7.851373	0.000000	0.000000
7.857418	0.000000	0.000000
7.863463	0.000000	0.000000
7.869507	0.000000	0.000000
7.875552	0.000000	0.000000
7.881597	0.000000	0.000000
7.887642	0.000000	0.000000
7.893686	0.000000	0.000000
7.899731	0.000000	0.000000
7.905776	0.000000	0.000000
7.911821	0.000000	0.000000
7.917865	0.000000	0.000000
7.923910	0.000000	0.000000
7.929955	0.000000	0.000000
7.936000	0.000000	0.000000
7.942045	0.000000	0.000000
7.948089	0.000000	0.000000
7.954134	0.000000	0.000000
7.960179	0.000000	0.000000
7.966224	0.000000	0.000000
7.972268	0.000000	0.000000
7.978313	0.000000	0.000000
7.984358	0.000000	0.000000
7.990403	0.000000	0.000000
7.996448	0.000000	0.000000
8.002492	0.000000	0.000000
8.008537	0.000000	0.000000
8.014582	0.000000	0.000000
8.020627	0.000000	0.000000
8.026671	0.000000	0.000000
8.032716	0.000000	0.000000
8.038761	0.000000	0.000000
8.044806	0.000000	0.000000
8.050851	0.000000	0.000000
8.056895	0.000000	0.000000
8.062940	0.000000	0.000000
8.068985	0.000000	0.000000
8.075030	0.000000	0.000000
8.081074	0.000000	0.000000
8.087119	0.000000	0.000000
8.093164	0.000000	0.000000
8.099209	0.000000	0.000000
8.105254	0.000000	0.000000
8.111298	0.000000	0.000000
8.117343	0.000000	0.000000
8.123388	0.000000	0.000000
8.129433	0.000000	0.000000
8.135477	0.000000	0.000000
8.141522	0.000000	0.000000
8.147567	0.000000	0.000000
8.153612	0.000000	0.000000
8.159657	0.000000	0.000000
8.165701	0.000000	0.000000
8.171746	0.000000	0.000000
8.177791	0.000000	0.000000
8.183836	0.000000	0.000000
8.189880	0.000000	0.000000
8.195925	0.000000	0.000000
8.201970	0.000000	0.000000
8.208015	0.000000	0.000000
8.214060	0.000000	0.000000
8.220104	0.000000	0.000000
8.226149	0.000000	0.000000
8.232194	0.000000	0.000000
8.238239	0.000000	0.000000
8.244283	0.000000	0.000000
8.250328	0.000000	0.000000
8.256373	0.000000	0.000000
8.262418	0.000000	0.000000
8.268463	0.000000	0.000000
8.274507	0.000000	0.000000
8.280552	0.000000	0.000000
8.286597	0.000000	0.000000
8.292642	0.000000	0.000000
8.298686	0.000000	0.000000
8.304731	0.000000	0.000000
8.310776	0.000000	0.000000
8.316821	0.000000	0.000000
8.322866	0.000000	0.000000
8.328910	0.000000	0.000000
8.334955	0.000000	0.000000
8.341000	0.000000	0.000000
8.347045	0.000000	0.000000
8.353089	0.000000	0.000000
8.359134	0.000000	0.000000
8.365179	0.000000	0.000000
8.371224	0.000000	0.000000
8.377269	0.000000	0.000000
8.383313	0.000000	0.000000
8.389358	0.000000	0.000000
8.395403	0.000000	0.000000
8.401448	0.000000	0.000000
8.407492	0.000000	0.000000
8.413537	0.000000	0.000000
8.419582	0.000000	0.000000
8.425627	0.000000	0.000000
8.431672	0.000000	0.000000
8.437716	0.000000	0.000000
8.443761	0.000000	0.000000
8.449806	0.000000	0.000000
8.455851	0.000000	0.000000
8.461895	0.000000	0.000000
8.467940	0.000000	0.000000
8.473985	0.000000	0.000000
8.480030	0.000000	0.000000
8.486075	0.000000	0.000000
8.492119	0.000000	0.000000
8.498164	0.000000	0.000000
