#Point-by-point error evaluated for the Solvent differentials.
#Q(Ang^(-1)   DS/DT     DS/Drho
0.005253	0.000000	0.000000
0.011297	0.000000	0.000000
0.017342	0.000000	0.000000
0.023387	0.000000	0.000000
0.029432	0.000000	0.000000
0.035477	0.000000	0.000000
0.041521	0.000000	0.000000
0.047566	0.000000	0.000000
0.053611	0.000000	0.000000
0.059656	0.000000	0.000000
0.065700	0.000000	0.000000
0.071745	0.000000	0.000000
0.077790	0.000000	0.000000
0.083835	0.000000	0.000000
0.089880	0.000000	0.000000
0.095924	0.000000	0.000000
0.101969	0.000000	0.000000
0.108014	0.000000	0.000000
0.114059	0.000000	0.000000
0.120103	0.000000	0.000000
0.126148	0.000000	0.000000
0.132193	0.000000	0.000000
0.138238	0.000000	0.000000
0.144283	0.000000	0.000000
0.150327	0.000000	0.000000
0.156372	0.000000	0.000000
0.162417	0.000000	0.000000
0.168462	0.000000	0.000000
0.174506	0.000000	0.000000
0.180551	0.000000	0.000000
0.186596	0.000000	0.000000
0.192641	0.000000	0.000000
0.198685	0.000000	0.000000
0.204730	0.000000	0.000000
0.210775	0.000000	0.000000
0.216820	0.000000	0.000000
0.222865	0.000000	0.000000
0.228909	0.000000	0.000000
0.234954	0.000000	0.000000
0.240999	0.000000	0.000000
0.247044	0.000000	0.000000
0.253088	0.000000	0.000000
0.259133	0.000000	0.000000
0.265178	0.000000	0.000000
0.271223	0.000000	0.000000
0.277268	0.000000	0.000000
0.283312	0.000000	0.000000
0.289357	0.000000	0.000000
0.295402	0.000000	0.000000
0.301447	0.000000	0.000000
0.307491	0.000000	0.000000
0.313536	0.000000	0.000000
0.319581	0.000000	0.000000
0.325626	0.000000	0.000000
0.331671	0.000000	0.000000
0.337715	0.000000	0.000000
0.343760	0.000000	0.000000
0.349805	0.000000	0.000000
0.355850	0.000000	0.000000
0.361894	0.000000	0.000000
0.367939	0.010567	0.053926
0.373984	0.010611	0.052308
0.380029	0.010648	0.051575
0.386074	0.010448	0.050383
0.392118	0.009357	0.041685
0.398163	0.008127	0.032835
0.404208	0.006960	0.023577
0.410253	0.005844	0.014235
0.416297	0.004988	0.006117
0.422342	0.005124	0.005970
0.428387	0.005234	0.005890
0.434432	0.005271	0.005821
0.440477	0.005304	0.005758
0.446521	0.005327	0.005654
0.452566	0.005228	0.005530
0.458611	0.005150	0.005485
0.464656	0.005107	0.005480
0.470700	0.005085	0.005440
0.476745	0.005057	0.005375
0.482790	0.005019	0.005292
0.488835	0.005028	0.005152
0.494880	0.004968	0.005054
0.500924	0.005007	0.004988
0.506969	0.005057	0.004886
0.513014	0.005043	0.004698
0.519059	0.004831	0.004540
0.525103	0.004590	0.004350
0.531148	0.004253	0.004226
0.537193	0.003904	0.004125
0.543238	0.003623	0.004161
0.549283	0.003573	0.004175
0.555327	0.003600	0.004203
0.561372	0.003620	0.004152
0.567417	0.003669	0.004086
0.573462	0.003709	0.004011
0.579506	0.003641	0.003952
0.585551	0.003526	0.003850
0.591596	0.003448	0.003737
0.597641	0.003470	0.003741
0.603686	0.003585	0.003722
0.609730	0.003874	0.003690
0.615775	0.004110	0.003693
0.621820	0.004239	0.003760
0.627865	0.004235	0.003800
0.633909	0.003984	0.003791
0.639954	0.003671	0.003794
0.645999	0.003495	0.003800
0.652044	0.003474	0.003692
0.658089	0.003521	0.003537
0.664133	0.003720	0.003408
0.670178	0.003844	0.003399
0.676223	0.003889	0.003383
0.682268	0.003792	0.003446
0.688312	0.003560	0.003567
0.694357	0.003323	0.003754
0.700402	0.003140	0.003820
0.706447	0.002986	0.003878
0.712492	0.002914	0.003934
0.718536	0.003059	0.003970
0.724581	0.003253	0.004029
0.730626	0.003449	0.004091
0.736671	0.003759	0.004156
0.742715	0.004152	0.004207
0.748760	0.004415	0.004235
0.754805	0.004664	0.004159
0.760850	0.004898	0.004050
0.766895	0.005077	0.003950
0.772939	0.005145	0.003826
0.778984	0.005288	0.003839
0.785029	0.005417	0.003904
0.791074	0.005623	0.004220
0.797118	0.005767	0.004466
0.803163	0.005888	0.004579
0.809208	0.005901	0.004572
0.815253	0.005894	0.004548
0.821298	0.005816	0.004317
0.827342	0.005685	0.004125
0.833387	0.005539	0.004013
0.839432	0.005477	0.003964
0.845477	0.005447	0.003941
0.851521	0.005251	0.003815
0.857566	0.004907	0.003721
0.863611	0.004577	0.003684
0.869656	0.004388	0.003651
0.875701	0.004218	0.003605
0.881745	0.004261	0.003656
0.887790	0.004468	0.003696
0.893835	0.004709	0.003817
0.899880	0.004775	0.003867
0.905924	0.004848	0.003960
0.911969	0.004906	0.004048
0.918014	0.004956	0.004005
0.924059	0.004996	0.003904
0.930103	0.005014	0.003863
0.936148	0.005004	0.003772
0.942193	0.004958	0.003649
0.948238	0.004969	0.003663
0.954283	0.004845	0.003592
0.960327	0.004666	0.003435
0.966372	0.004462	0.003348
0.972417	0.004342	0.003324
0.978462	0.004180	0.003262
0.984506	0.004110	0.003252
0.990551	0.003933	0.003252
0.996596	0.003774	0.003191
1.002641	0.003537	0.003122
1.008686	0.003322	0.003145
1.014730	0.003203	0.003165
1.020775	0.003250	0.003245
1.026820	0.003281	0.003332
1.032865	0.003351	0.003411
1.038909	0.003507	0.003429
1.044954	0.003660	0.003491
1.050999	0.003838	0.003471
1.057044	0.004023	0.003434
1.063089	0.004031	0.003321
1.069133	0.003877	0.003210
1.075178	0.003636	0.003077
1.081223	0.003410	0.002999
1.087268	0.003257	0.002907
1.093312	0.003240	0.002896
1.099357	0.003352	0.002881
1.105402	0.003459	0.002930
1.111447	0.003530	0.002998
1.117492	0.003496	0.003084
1.123536	0.003451	0.003163
1.129581	0.003331	0.003228
1.135626	0.003156	0.003111
1.141671	0.002956	0.002976
1.147715	0.002791	0.002863
1.153760	0.002546	0.002732
1.159805	0.002306	0.002629
1.165850	0.002160	0.002588
1.171895	0.002036	0.002523
1.177939	0.001926	0.002438
1.183984	0.001928	0.002365
1.190029	0.001950	0.002279
1.196074	0.002035	0.002190
1.202118	0.002119	0.002122
1.208163	0.002227	0.002046
1.214208	0.002313	0.002117
1.220253	0.002448	0.002187
1.226298	0.002543	0.002283
1.232342	0.002628	0.002478
1.238387	0.002669	0.002712
1.244432	0.002611	0.002873
1.250477	0.002510	0.003024
1.256521	0.002363	0.003200
1.262566	0.002217	0.003272
1.268611	0.002082	0.003289
1.274656	0.002074	0.003236
1.280701	0.002065	0.003250
1.286745	0.002071	0.003324
1.292790	0.002080	0.003445
1.298835	0.002056	0.003603
1.304880	0.002020	0.003701
1.310924	0.001996	0.003736
1.316969	0.001988	0.003713
1.323014	0.001972	0.003640
1.329059	0.001983	0.003560
1.335104	0.001991	0.003604
1.341148	0.001936	0.003548
1.347193	0.001933	0.003452
1.353238	0.001975	0.003304
1.359283	0.002001	0.003154
1.365327	0.002084	0.002982
1.371372	0.002205	0.002956
1.377417	0.002268	0.002981
1.383462	0.002439	0.003055
1.389507	0.002627	0.003114
1.395551	0.002773	0.003080
1.401596	0.002943	0.002918
1.407641	0.003158	0.002803
1.413686	0.003231	0.002826
1.419730	0.003307	0.003312
1.425775	0.003376	0.004052
1.431820	0.003429	0.005042
1.437865	0.003411	0.005974
1.443910	0.003417	0.006698
1.449954	0.003392	0.006921
1.455999	0.003404	0.006871
1.462044	0.003392	0.006468
1.468089	0.003397	0.005939
1.474133	0.003352	0.005438
1.480178	0.003330	0.004970
1.486223	0.003275	0.004582
1.492268	0.003227	0.004388
1.498313	0.003179	0.004375
1.504357	0.003136	0.004427
1.510402	0.003094	0.004622
1.516447	0.003093	0.004846
1.522492	0.003085	0.005269
1.528536	0.003077	0.005617
1.534581	0.003046	0.005885
1.540626	0.003111	0.005754
1.546671	0.003084	0.005462
1.552716	0.003129	0.004900
1.558760	0.003192	0.004338
1.564805	0.003296	0.003806
1.570850	0.003336	0.003601
1.576895	0.003417	0.003578
1.582939	0.003465	0.003612
1.588984	0.003545	0.003666
1.595029	0.003621	0.003785
1.601074	0.003734	0.003950
1.607118	0.003845	0.004078
1.613163	0.003965	0.004367
1.619208	0.004036	0.004731
1.625253	0.004069	0.004999
1.631298	0.004122	0.005150
1.637342	0.004110	0.005144
1.643387	0.004192	0.004952
1.649432	0.004281	0.004484
1.655477	0.004398	0.004088
1.661521	0.004371	0.003744
1.667566	0.004410	0.003515
1.673611	0.004256	0.003315
1.679656	0.004119	0.003304
1.685701	0.003963	0.003304
1.691745	0.003920	0.003244
1.697790	0.003903	0.003193
1.703835	0.003963	0.003161
1.709880	0.004005	0.003156
1.715924	0.004048	0.003119
1.721969	0.003834	0.003003
1.728014	0.003487	0.002892
1.734059	0.003123	0.002757
1.740104	0.002761	0.002620
1.746148	0.002426	0.002495
1.752193	0.002210	0.002517
1.758238	0.002099	0.002546
1.764283	0.002001	0.002595
1.770327	0.001878	0.002620
1.776372	0.001660	0.002647
1.782417	0.001544	0.002554
1.788462	0.001430	0.002494
1.794507	0.001324	0.002541
1.800551	0.001248	0.002647
1.806596	0.001313	0.002779
1.812641	0.001373	0.002939
1.818686	0.001397	0.003011
1.824730	0.001408	0.002878
1.830775	0.001439	0.002714
1.836820	0.001392	0.002540
1.842865	0.001325	0.002441
1.848910	0.001275	0.002419
1.854954	0.001339	0.002483
1.860999	0.001390	0.002545
1.867044	0.001509	0.002652
1.873089	0.001616	0.002607
1.879133	0.001745	0.002532
1.885178	0.001764	0.002529
1.891223	0.001768	0.002529
1.897268	0.001750	0.002522
1.903313	0.001749	0.002600
1.909357	0.001747	0.002664
1.915402	0.001762	0.002637
1.921447	0.001782	0.002615
1.927492	0.001804	0.002548
1.933536	0.001827	0.002521
1.939581	0.001877	0.002520
1.945626	0.001892	0.002552
1.951671	0.001907	0.002560
1.957716	0.001930	0.002568
1.963760	0.001947	0.002581
1.969805	0.001980	0.002610
1.975850	0.002019	0.002655
1.981895	0.002053	0.002710
1.987939	0.002056	0.002759
1.993984	0.001995	0.002684
2.000029	0.001864	0.002559
2.006074	0.001760	0.002336
2.012119	0.001694	0.002127
2.018163	0.001694	0.001923
2.024208	0.001802	0.001776
2.030253	0.001898	0.001607
2.036298	0.001962	0.001469
2.042342	0.001997	0.001335
2.048387	0.001977	0.001206
2.054432	0.001875	0.001180
2.060477	0.001810	0.001222
2.066522	0.001750	0.001293
2.072566	0.001701	0.001318
2.078611	0.001690	0.001395
2.084656	0.001763	0.001447
2.090701	0.001784	0.001500
2.096745	0.001819	0.001571
2.102790	0.001784	0.001675
2.108835	0.001730	0.001726
2.114880	0.001584	0.001746
2.120925	0.001496	0.001778
2.126969	0.001394	0.001820
2.133014	0.001343	0.001839
2.139059	0.001279	0.001833
2.145104	0.001265	0.001837
2.151148	0.001244	0.001821
2.157193	0.001247	0.001788
2.163238	0.001266	0.001754
2.169283	0.001287	0.001739
2.175328	0.001310	0.001715
2.181372	0.001333	0.001684
2.187417	0.001326	0.001653
2.193462	0.001309	0.001637
2.199507	0.001289	0.001609
2.205551	0.001279	0.001580
2.211596	0.001249	0.001537
2.217641	0.001247	0.001491
2.223686	0.001247	0.001446
2.229731	0.001254	0.001403
2.235775	0.001238	0.001379
2.241820	0.001243	0.001338
2.247865	0.001270	0.001309
2.253910	0.001316	0.001299
2.259954	0.001411	0.001328
2.265999	0.001525	0.001346
2.272044	0.001637	0.001405
2.278089	0.001719	0.001460
2.284134	0.001766	0.001536
2.290178	0.001718	0.001605
2.296223	0.001713	0.001708
2.302268	0.001747	0.001808
2.308313	0.001761	0.001915
2.314357	0.001769	0.002060
2.320402	0.001853	0.002256
2.326447	0.001896	0.002453
2.332492	0.001892	0.002644
2.338536	0.001897	0.002822
2.344581	0.001924	0.002918
2.350626	0.001932	0.002988
2.356671	0.001923	0.003057
2.362716	0.001928	0.003123
2.368760	0.001923	0.003188
2.374805	0.001901	0.003266
2.380850	0.001861	0.003295
2.386895	0.001823	0.003269
2.392939	0.001790	0.003194
2.398984	0.001781	0.003093
2.405029	0.001802	0.002942
2.411074	0.001844	0.002789
2.417119	0.001857	0.002663
2.423163	0.001875	0.002544
2.429208	0.001907	0.002437
2.435253	0.001917	0.002294
2.441298	0.001908	0.002135
2.447342	0.001936	0.001975
2.453387	0.001969	0.001847
2.459432	0.001973	0.001729
2.465477	0.001978	0.001657
2.471522	0.001981	0.001598
2.477566	0.001966	0.001542
2.483611	0.001932	0.001486
2.489656	0.001908	0.001431
2.495701	0.001884	0.001416
2.501745	0.001867	0.001425
2.507790	0.001864	0.001422
2.513835	0.001865	0.001439
2.519880	0.001813	0.001442
2.525925	0.001747	0.001432
2.531969	0.001688	0.001400
2.538014	0.001631	0.001388
2.544059	0.001573	0.001359
2.550104	0.001518	0.001351
2.556148	0.001479	0.001354
2.562193	0.001417	0.001367
2.568238	0.001353	0.001361
2.574283	0.001316	0.001377
2.580328	0.001319	0.001393
2.586372	0.001320	0.001404
2.592417	0.001363	0.001437
2.598462	0.001386	0.001465
2.604507	0.001385	0.001508
2.610551	0.001395	0.001545
2.616596	0.001408	0.001598
2.622641	0.001394	0.001631
2.628686	0.001398	0.001672
2.634731	0.001399	0.001688
2.640775	0.001422	0.001709
2.646820	0.001439	0.001703
2.652865	0.001450	0.001694
2.658910	0.001452	0.001674
2.664954	0.001507	0.001682
2.670999	0.001560	0.001684
2.677044	0.001600	0.001692
2.683089	0.001613	0.001648
2.689134	0.001637	0.001610
2.695178	0.001591	0.001550
2.701223	0.001520	0.001494
2.707268	0.001467	0.001440
2.713313	0.001439	0.001408
2.719357	0.001420	0.001379
2.725402	0.001406	0.001315
2.731447	0.001393	0.001249
2.737492	0.001371	0.001188
2.743537	0.001354	0.001154
2.749581	0.001311	0.001120
2.755626	0.001293	0.001117
2.761671	0.001286	0.001116
2.767716	0.001274	0.001109
2.773760	0.001242	0.001099
2.779805	0.001191	0.001089
2.785850	0.001069	0.001070
2.791895	0.000943	0.001053
2.797940	0.000834	0.001043
2.803984	0.000791	0.001049
2.810029	0.000834	0.001033
2.816074	0.000936	0.001065
2.822119	0.001044	0.001092
2.828163	0.001148	0.001122
2.834208	0.001187	0.001145
2.840253	0.001158	0.001197
2.846298	0.001127	0.001215
2.852343	0.001083	0.001229
2.858387	0.001026	0.001249
2.864432	0.001046	0.001263
2.870477	0.001081	0.001264
2.876522	0.001128	0.001263
2.882566	0.001175	0.001267
2.888611	0.001224	0.001269
2.894656	0.001201	0.001257
2.900701	0.001181	0.001261
2.906746	0.001184	0.001307
2.912790	0.001188	0.001361
2.918835	0.001199	0.001392
2.924880	0.001201	0.001439
2.930925	0.001202	0.001471
2.936969	0.001180	0.001450
2.943014	0.001153	0.001406
2.949059	0.001132	0.001351
2.955104	0.001148	0.001318
2.961149	0.001165	0.001289
2.967193	0.001171	0.001267
2.973238	0.001188	0.001239
2.979283	0.001204	0.001239
2.985328	0.001158	0.001217
2.991372	0.001115	0.001175
2.997417	0.001096	0.001104
3.003462	0.001110	0.001099
3.009507	0.001146	0.001126
3.015551	0.001208	0.001180
3.021596	0.001254	0.001225
3.027641	0.001246	0.001265
3.033686	0.001210	0.001264
3.039731	0.001208	0.001236
3.045775	0.001232	0.001180
3.051820	0.001275	0.001156
3.057865	0.001355	0.001172
3.063910	0.001432	0.001208
3.069954	0.001464	0.001263
3.075999	0.001441	0.001316
3.082044	0.001403	0.001390
3.088089	0.001348	0.001435
3.094134	0.001245	0.001411
3.100178	0.001125	0.001296
3.106223	0.001059	0.001179
3.112268	0.001019	0.001049
3.118313	0.001023	0.000959
3.124357	0.001058	0.000919
3.130402	0.001091	0.000940
3.136447	0.001107	0.000954
3.142492	0.001103	0.000953
3.148537	0.001084	0.000931
3.154581	0.001079	0.000889
3.160626	0.001082	0.000855
3.166671	0.001087	0.000814
3.172716	0.001096	0.000776
3.178760	0.001109	0.000752
3.184805	0.001115	0.000748
3.190850	0.001119	0.000766
3.196895	0.001152	0.000813
3.202940	0.001213	0.000853
3.208984	0.001273	0.000883
3.215029	0.001336	0.000897
3.221074	0.001399	0.000882
3.227119	0.001463	0.000864
3.233163	0.001511	0.000853
3.239208	0.001549	0.000867
3.245253	0.001587	0.000914
3.251298	0.001627	0.000979
3.257343	0.001651	0.001063
3.263387	0.001668	0.001152
3.269432	0.001673	0.001201
3.275477	0.001684	0.001211
3.281522	0.001703	0.001259
3.287566	0.001742	0.001361
3.293611	0.001768	0.001469
3.299656	0.001785	0.001576
3.305701	0.001819	0.001690
3.311746	0.001854	0.001748
3.317790	0.001846	0.001737
3.323835	0.001842	0.001722
3.329880	0.001852	0.001727
3.335925	0.001835	0.001744
3.341969	0.001810	0.001764
3.348014	0.001791	0.001788
3.354059	0.001768	0.001791
3.360104	0.001733	0.001766
3.366149	0.001697	0.001732
3.372193	0.001657	0.001690
3.378238	0.001623	0.001636
3.384283	0.001586	0.001600
3.390328	0.001526	0.001580
3.396372	0.001423	0.001552
3.402417	0.001293	0.001511
3.408462	0.001117	0.001465
3.414507	0.000950	0.001411
3.420552	0.000833	0.001368
3.426596	0.000763	0.001331
3.432641	0.000732	0.001316
3.438686	0.000746	0.001314
3.444731	0.000761	0.001317
3.450775	0.000759	0.001315
3.456820	0.000752	0.001323
3.462865	0.000764	0.001318
3.468910	0.000782	0.001279
3.474955	0.000814	0.001241
3.480999	0.000846	0.001201
3.487044	0.000881	0.001164
3.493089	0.000894	0.001117
3.499134	0.000908	0.001093
3.505178	0.000917	0.001068
3.511223	0.000928	0.001039
3.517268	0.000946	0.000999
3.523313	0.000956	0.000990
3.529358	0.000966	0.000996
3.535402	0.000966	0.001003
3.541447	0.000933	0.001010
3.547492	0.000883	0.001027
3.553537	0.000864	0.000999
3.559581	0.000844	0.000960
3.565626	0.000894	0.000920
3.571671	0.000972	0.000899
3.577716	0.001044	0.000891
3.583761	0.001064	0.000922
3.589805	0.001120	0.000962
3.595850	0.001126	0.001009
3.601895	0.001173	0.001046
3.607940	0.001230	0.001037
3.613984	0.001312	0.000996
3.620029	0.001353	0.000935
3.626074	0.001369	0.000869
3.632119	0.001370	0.000843
3.638164	0.001383	0.000890
3.644208	0.001395	0.000951
3.650253	0.001413	0.001025
3.656298	0.001468	0.001097
3.662343	0.001499	0.001094
3.668387	0.001528	0.001058
3.674432	0.001549	0.001026
3.680477	0.001574	0.000990
3.686522	0.001542	0.000957
3.692567	0.001510	0.000948
3.698611	0.001487	0.000936
3.704656	0.001478	0.000927
3.710701	0.001462	0.000915
3.716746	0.001474	0.000913
3.722790	0.001488	0.000918
3.728835	0.001469	0.000929
3.734880	0.001436	0.000929
3.740925	0.001395	0.000935
3.746969	0.001356	0.000930
3.753014	0.001313	0.000912
3.759059	0.001292	0.000890
3.765104	0.001281	0.000881
3.771149	0.001242	0.000861
3.777193	0.001139	0.000830
3.783238	0.001037	0.000805
3.789283	0.000923	0.000800
3.795328	0.000808	0.000755
3.801372	0.000729	0.000707
3.807417	0.000715	0.000687
3.813462	0.000718	0.000675
3.819507	0.000733	0.000643
3.825552	0.000751	0.000658
3.831596	0.000773	0.000679
3.837641	0.000807	0.000664
3.843686	0.000831	0.000659
3.849731	0.000858	0.000660
3.855775	0.000848	0.000655
3.861820	0.000845	0.000658
3.867865	0.000854	0.000690
3.873910	0.000860	0.000712
3.879955	0.000864	0.000728
3.885999	0.000894	0.000744
3.892044	0.000917	0.000756
3.898089	0.000913	0.000763
3.904134	0.000903	0.000767
3.910178	0.000898	0.000764
3.916223	0.000887	0.000762
3.922268	0.000890	0.000762
3.928313	0.000893	0.000747
3.934358	0.000905	0.000733
3.940402	0.000923	0.000745
3.946447	0.000995	0.000757
3.952492	0.001062	0.000772
3.958537	0.001124	0.000785
3.964581	0.001168	0.000786
3.970626	0.001202	0.000770
3.976671	0.001208	0.000749
3.982716	0.001218	0.000723
3.988761	0.001239	0.000713
3.994805	0.001287	0.000714
4.000850	0.001352	0.000714
4.006895	0.001416	0.000712
4.012940	0.001470	0.000713
4.018984	0.001493	0.000713
4.025029	0.001476	0.000702
4.031074	0.001404	0.000682
4.037119	0.001324	0.000652
4.043164	0.001268	0.000619
4.049208	0.001260	0.000581
4.055253	0.001271	0.000583
4.061298	0.001292	0.000642
4.067343	0.001252	0.000722
4.073387	0.001145	0.000792
4.079432	0.000973	0.000867
4.085477	0.000834	0.000905
4.091522	0.000724	0.000904
4.097567	0.000685	0.000915
4.103611	0.000693	0.000951
4.109656	0.000754	0.001021
4.115701	0.000776	0.001096
4.121746	0.000768	0.001171
4.127790	0.000729	0.001229
4.133835	0.000657	0.001268
4.139880	0.000564	0.001272
4.145925	0.000487	0.001274
4.151970	0.000449	0.001257
4.158014	0.000487	0.001245
4.164059	0.000546	0.001232
4.170104	0.000626	0.001206
4.176149	0.000702	0.001143
4.182193	0.000762	0.001074
4.188238	0.000775	0.001014
4.194283	0.000786	0.000961
4.200328	0.000806	0.000943
4.206373	0.000857	0.000978
4.212417	0.000910	0.001032
4.218462	0.000958	0.001058
4.224507	0.001014	0.001077
4.230552	0.001048	0.001073
4.236596	0.001053	0.001051
4.242641	0.001060	0.001020
4.248686	0.001064	0.000999
4.254731	0.001081	0.000996
4.260776	0.001100	0.000998
4.266820	0.001115	0.001017
4.272865	0.001104	0.001040
4.278910	0.001078	0.001066
4.284955	0.001035	0.001079
4.290999	0.001005	0.001083
4.297044	0.001037	0.001064
4.303089	0.001143	0.001048
4.309134	0.001270	0.001056
4.315179	0.001363	0.001050
4.321223	0.001399	0.001006
4.327268	0.001373	0.000969
4.333313	0.001298	0.000932
4.339358	0.001220	0.000868
4.345402	0.001170	0.000804
4.351447	0.001176	0.000772
4.357492	0.001218	0.000782
4.363537	0.001273	0.000802
4.369582	0.001306	0.000826
4.375626	0.001318	0.000845
4.381671	0.001312	0.000867
4.387716	0.001265	0.000846
4.393761	0.001193	0.000818
4.399805	0.001134	0.000789
4.405850	0.001103	0.000775
4.411895	0.001064	0.000767
4.417940	0.001018	0.000755
4.423984	0.000991	0.000737
4.430029	0.000965	0.000724
4.436074	0.000966	0.000723
4.442119	0.000985	0.000755
4.448164	0.000993	0.000806
4.454208	0.000969	0.000854
4.460253	0.000918	0.000881
4.466298	0.000840	0.000898
4.472343	0.000759	0.000884
4.478387	0.000714	0.000860
4.484432	0.000710	0.000842
4.490477	0.000746	0.000843
4.496522	0.000793	0.000839
4.502567	0.000832	0.000831
4.508611	0.000861	0.000818
4.514656	0.000866	0.000800
4.520701	0.000868	0.000773
4.526746	0.000856	0.000754
4.532790	0.000856	0.000738
4.538835	0.000861	0.000728
4.544880	0.000883	0.000720
4.550925	0.000917	0.000720
4.556970	0.000956	0.000715
4.563014	0.000996	0.000711
4.569059	0.001049	0.000706
4.575104	0.001134	0.000690
4.581149	0.001228	0.000679
4.587193	0.001319	0.000674
4.593238	0.001406	0.000668
4.599283	0.001475	0.000659
4.605328	0.001504	0.000667
4.611373	0.001505	0.000664
4.617417	0.001501	0.000655
4.623462	0.001472	0.000642
4.629507	0.001444	0.000636
4.635552	0.001416	0.000618
4.641596	0.001396	0.000601
4.647641	0.001358	0.000579
4.653686	0.001310	0.000566
4.659731	0.001253	0.000557
4.665776	0.001168	0.000552
4.671820	0.001072	0.000554
4.677865	0.000999	0.000562
4.683910	0.000931	0.000570
4.689955	0.000851	0.000581
4.695999	0.000834	0.000611
4.702044	0.000835	0.000657
4.708089	0.000831	0.000704
4.714134	0.000859	0.000725
4.720179	0.000897	0.000738
4.726223	0.000881	0.000732
4.732268	0.000853	0.000717
4.738313	0.000845	0.000715
4.744358	0.000848	0.000762
4.750402	0.000862	0.000822
4.756447	0.000893	0.000880
4.762492	0.000924	0.000927
4.768537	0.000941	0.000955
4.774582	0.000920	0.000956
4.780626	0.000906	0.000951
4.786671	0.000925	0.000947
4.792716	0.000951	0.000947
4.798761	0.000968	0.000957
4.804805	0.001004	0.000971
4.810850	0.001031	0.000995
4.816895	0.001019	0.000985
4.822940	0.000997	0.000968
4.828985	0.000994	0.000941
4.835029	0.000996	0.000911
4.841074	0.001001	0.000882
4.847119	0.001011	0.000896
4.853164	0.001034	0.000921
4.859208	0.001053	0.000954
4.865253	0.001070	0.001018
4.871298	0.001054	0.001065
4.877343	0.001038	0.001103
4.883388	0.001039	0.001152
4.889432	0.001043	0.001203
4.895477	0.001039	0.001211
4.901522	0.001040	0.001203
4.907567	0.001029	0.001196
4.913611	0.001000	0.001173
4.919656	0.000958	0.001151
4.925701	0.000914	0.001142
4.931746	0.000900	0.001149
4.937791	0.000896	0.001154
4.943835	0.000883	0.001148
4.949880	0.000876	0.001123
4.955925	0.000875	0.001101
4.961970	0.000875	0.001086
4.968014	0.000874	0.001069
4.974059	0.000866	0.001039
4.980104	0.000851	0.000995
4.986149	0.000834	0.000935
4.992194	0.000816	0.000876
4.998238	0.000790	0.000821
5.004283	0.000778	0.000798
5.010328	0.000770	0.000829
5.016373	0.000759	0.000885
5.022417	0.000749	0.000932
5.028462	0.000742	0.000982
5.034507	0.000731	0.001032
5.040552	0.000711	0.001056
5.046597	0.000692	0.001078
5.052641	0.000674	0.001108
5.058686	0.000673	0.001142
5.064731	0.000679	0.001164
5.070776	0.000700	0.001187
5.076820	0.000731	0.001199
5.082865	0.000774	0.001205
5.088910	0.000809	0.001202
5.094955	0.000836	0.001204
5.100999	0.000852	0.001181
5.107044	0.000856	0.001154
5.113089	0.000844	0.001126
5.119134	0.000829	0.001093
5.125179	0.000805	0.001003
5.131223	0.000793	0.000951
5.137268	0.000796	0.000915
5.143313	0.000800	0.000874
5.149358	0.000812	0.000846
5.155402	0.000841	0.000886
5.161447	0.000857	0.000921
5.167492	0.000865	0.000944
5.173537	0.000875	0.000970
5.179582	0.000860	0.000989
5.185626	0.000840	0.000987
5.191671	0.000828	0.000971
5.197716	0.000816	0.000968
5.203761	0.000785	0.000975
5.209805	0.000768	0.000988
5.215850	0.000748	0.001021
5.221895	0.000735	0.001057
5.227940	0.000735	0.001072
5.233985	0.000756	0.001080
5.240029	0.000791	0.001069
5.246074	0.000826	0.001025
5.252119	0.000858	0.000998
5.258164	0.000896	0.000998
5.264208	0.000912	0.000974
5.270253	0.000900	0.000953
5.276298	0.000895	0.000960
5.282343	0.000905	0.000951
5.288388	0.000900	0.000925
5.294432	0.000910	0.000928
5.300477	0.000938	0.000917
5.306522	0.000958	0.000898
5.312567	0.000958	0.000893
5.318611	0.000950	0.000884
5.324656	0.000949	0.000868
5.330701	0.000947	0.000880
5.336746	0.000952	0.000891
5.342791	0.000955	0.000886
5.348835	0.000960	0.000886
5.354880	0.000956	0.000916
5.360925	0.000953	0.000959
5.366970	0.000943	0.001001
5.373014	0.000903	0.001025
5.379059	0.000847	0.001063
5.385104	0.000804	0.001088
5.391149	0.000759	0.001131
5.397194	0.000712	0.001199
5.403238	0.000725	0.001293
5.409283	0.000755	0.001370
5.415328	0.000809	0.001428
5.421373	0.000873	0.001434
5.427417	0.000928	0.001404
5.433462	0.000935	0.001354
5.439507	0.000940	0.001315
5.445552	0.000921	0.001280
5.451597	0.000900	0.001262
5.457641	0.000890	0.001253
5.463686	0.000894	0.001240
5.469731	0.000906	0.001192
5.475776	0.000907	0.001110
5.481820	0.000911	0.001014
5.487865	0.000916	0.000936
5.493910	0.000933	0.000867
5.499955	0.000934	0.000814
5.506000	0.000917	0.000790
5.512044	0.000914	0.000782
5.518089	0.000919	0.000768
5.524134	0.000916	0.000761
5.530179	0.000921	0.000759
5.536223	0.000948	0.000760
5.542268	0.000946	0.000757
5.548313	0.000935	0.000751
5.554358	0.000963	0.000750
5.560403	0.001012	0.000793
5.566447	0.001016	0.000813
5.572492	0.001020	0.000824
5.578537	0.001024	0.000834
5.584582	0.000991	0.000846
5.590626	0.000935	0.000818
5.596671	0.000933	0.000813
5.602716	0.000933	0.000805
5.608761	0.000933	0.000804
5.614806	0.000933	0.000796
5.620850	0.000936	0.000785
5.626895	0.000931	0.000780
5.632940	0.000934	0.000781
5.638985	0.000926	0.000785
5.645029	0.000901	0.000815
5.651074	0.000878	0.000861
5.657119	0.000849	0.000900
5.663164	0.000839	0.000943
5.669209	0.000846	0.000981
5.675253	0.000845	0.000989
5.681298	0.000842	0.000984
5.687343	0.000844	0.000956
5.693388	0.000823	0.000943
5.699432	0.000801	0.000939
5.705477	0.000810	0.000944
5.711522	0.000818	0.000942
5.717567	0.000831	0.000965
5.723612	0.000873	0.000993
5.729656	0.000915	0.001008
5.735701	0.000971	0.001019
5.741746	0.001030	0.001035
5.747791	0.001081	0.001057
5.753835	0.001096	0.001060
5.759880	0.001121	0.001054
5.765925	0.001130	0.001042
5.771970	0.001143	0.001029
5.778015	0.001168	0.001024
5.784059	0.001179	0.001017
5.790104	0.001170	0.001019
5.796149	0.001166	0.001023
5.802194	0.001179	0.001051
5.808238	0.001188	0.001082
5.814283	0.001222	0.001121
5.820328	0.001261	0.001158
5.826373	0.001316	0.001188
5.832417	0.001337	0.001166
5.838462	0.001309	0.001120
5.844507	0.001235	0.001073
5.850552	0.001148	0.001020
5.856597	0.001026	0.000978
5.862641	0.000933	0.000972
5.868686	0.000887	0.000964
5.874731	0.000904	0.000957
5.880776	0.000957	0.000958
5.886820	0.001075	0.000955
5.892865	0.001154	0.000933
5.898910	0.001184	0.000909
5.904955	0.001196	0.000882
5.911000	0.001194	0.000856
5.917044	0.001166	0.000827
5.923089	0.001166	0.000778
5.929134	0.001213	0.000744
5.935179	0.001293	0.000712
5.941223	0.001352	0.000679
5.947268	0.001356	0.000635
5.953313	0.001351	0.000618
5.959358	0.001342	0.000614
5.965403	0.001276	0.000621
5.971447	0.001245	0.000649
5.977492	0.001253	0.000684
5.983537	0.001255	0.000705
5.989582	0.001249	0.000705
5.995626	0.001242	0.000692
6.001671	0.001195	0.000668
6.007716	0.001140	0.000653
6.013761	0.001091	0.000663
6.019806	0.001046	0.000730
6.025850	0.001021	0.000831
6.031895	0.001004	0.000913
6.037940	0.000986	0.000998
6.043985	0.000975	0.001131
6.050029	0.000972	0.001221
6.056074	0.000969	0.001283
6.062119	0.000971	0.001353
6.068164	0.000967	0.001425
6.074209	0.000958	0.001447
6.080253	0.000950	0.001451
6.086298	0.000952	0.001452
6.092343	0.000960	0.001465
6.098388	0.000976	0.001475
6.104432	0.000981	0.001476
6.110477	0.000998	0.001482
6.116522	0.000997	0.001490
6.122567	0.001001	0.001501
6.128612	0.001004	0.001491
6.134656	0.001015	0.001467
6.140701	0.001029	0.001420
6.146746	0.001057	0.001374
6.152791	0.001068	0.001300
6.158835	0.001079	0.001242
6.164880	0.001093	0.001199
6.170925	0.001090	0.001180
6.176970	0.001084	0.001173
6.183015	0.001085	0.001176
6.189059	0.001066	0.001184
6.195104	0.001028	0.001194
6.201149	0.000990	0.001168
6.207194	0.000955	0.001098
6.213238	0.000938	0.001028
6.219283	0.000952	0.000954
6.225328	0.000935	0.000877
6.231373	0.000875	0.000833
6.237418	0.000808	0.000815
6.243462	0.000740	0.000809
6.249507	0.000694	0.000811
6.255552	0.000698	0.000792
6.261597	0.000741	0.000768
6.267641	0.000797	0.000750
6.273686	0.000837	0.000733
6.279731	0.000838	0.000714
6.285776	0.000834	0.000709
6.291821	0.000840	0.000709
6.297865	0.000841	0.000706
6.303910	0.000837	0.000687
6.309955	0.000844	0.000691
6.316000	0.000854	0.000729
6.322044	0.000853	0.000768
6.328089	0.000841	0.000806
6.334134	0.000807	0.000850
6.340179	0.000762	0.000859
6.346224	0.000717	0.000865
6.352268	0.000672	0.000892
6.358313	0.000633	0.000912
6.364358	0.000612	0.000923
6.370403	0.000599	0.000945
6.376447	0.000585	0.000944
6.382492	0.000587	0.000938
6.388537	0.000594	0.000949
6.394582	0.000639	0.000969
6.400627	0.000704	0.000978
6.406671	0.000786	0.000992
6.412716	0.000856	0.001000
6.418761	0.000922	0.000996
6.424806	0.000950	0.000994
6.430850	0.000971	0.000981
6.436895	0.000959	0.000967
6.442940	0.000945	0.000938
6.448985	0.000974	0.000923
6.455030	0.001053	0.000929
6.461074	0.001126	0.000953
6.467119	0.001217	0.000982
6.473164	0.001298	0.001017
6.479209	0.001318	0.001033
6.485253	0.001289	0.001022
6.491298	0.001254	0.001013
6.497343	0.001180	0.000982
6.503388	0.001111	0.000947
6.509432	0.001133	0.000931
6.515477	0.001175	0.000922
6.521522	0.001210	0.000912
6.527567	0.001290	0.000897
6.533612	0.001380	0.000891
6.539656	0.001368	0.000872
6.545701	0.001334	0.000863
6.551746	0.001283	0.000854
6.557791	0.001227	0.000911
6.563835	0.001168	0.000975
6.569880	0.001136	0.001066
6.575925	0.001121	0.001150
6.581970	0.001142	0.001210
6.588015	0.001182	0.001210
6.594059	0.001226	0.001206
6.600104	0.001242	0.001193
6.606149	0.001219	0.001230
6.612194	0.001179	0.001316
6.618238	0.001120	0.001427
6.624283	0.001075	0.001534
6.630328	0.001066	0.001618
6.636373	0.001088	0.001637
6.642418	0.001110	0.001593
6.648462	0.001108	0.001532
6.654507	0.001087	0.001461
6.660552	0.001065	0.001397
6.666597	0.001042	0.001356
6.672641	0.001021	0.001327
6.678686	0.001013	0.001254
6.684731	0.001000	0.001193
6.690776	0.000981	0.001108
6.696821	0.000956	0.001015
6.702865	0.000918	0.000947
6.708910	0.000882	0.000959
6.714955	0.000852	0.000965
6.721000	0.000823	0.000972
6.727044	0.000810	0.000965
6.733089	0.000801	0.000962
6.739134	0.000795	0.000935
6.745179	0.000776	0.000919
6.751224	0.000760	0.000922
6.757268	0.000725	0.000949
6.763313	0.000704	0.000971
6.769358	0.000687	0.000982
6.775403	0.000680	0.000985
6.781447	0.000688	0.000989
6.787492	0.000733	0.000984
6.793537	0.000767	0.000982
6.799582	0.000805	0.000976
6.805627	0.000851	0.000969
6.811671	0.000903	0.000986
6.817716	0.000935	0.001002
6.823761	0.000979	0.001015
6.829806	0.001033	0.001035
6.835850	0.001082	0.001079
6.841895	0.001138	0.001157
6.847940	0.001205	0.001250
6.853985	0.001267	0.001325
6.860030	0.001316	0.001391
6.866074	0.001366	0.001440
6.872119	0.001384	0.001429
6.878164	0.001385	0.001404
6.884209	0.001387	0.001396
6.890253	0.001381	0.001397
6.896298	0.001365	0.001396
6.902343	0.001345	0.001395
6.908388	0.001323	0.001399
6.914433	0.001294	0.001404
6.920477	0.001274	0.001396
6.926522	0.001231	0.001378
6.932567	0.001180	0.001363
6.938612	0.001142	0.001330
6.944656	0.001123	0.001300
6.950701	0.001102	0.001281
6.956746	0.001103	0.001254
6.962791	0.001112	0.001242
6.968836	0.001113	0.001234
6.974880	0.001091	0.001199
6.980925	0.001075	0.001157
6.986970	0.001065	0.001146
6.993015	0.001062	0.001127
6.999059	0.001087	0.001132
7.005104	0.001140	0.001172
7.011149	0.001194	0.001215
7.017194	0.001214	0.001239
7.023239	0.001180	0.001226
7.029283	0.001122	0.001175
7.035328	0.001047	0.001118
7.041373	0.000970	0.001063
7.047418	0.000931	0.001018
7.053462	0.000934	0.000996
7.059507	0.000920	0.000973
7.065552	0.000897	0.000941
7.071597	0.000867	0.000900
7.077642	0.000860	0.000826
7.083686	0.000873	0.000748
7.089731	0.000897	0.000693
7.095776	0.000923	0.000655
7.101821	0.000951	0.000631
7.107865	0.000952	0.000650
7.113910	0.000954	0.000705
7.119955	0.000932	0.000757
7.126000	0.000914	0.000801
7.132045	0.000907	0.000845
7.138089	0.000894	0.000858
7.144134	0.000871	0.000855
7.150179	0.000875	0.000889
7.156224	0.000877	0.000949
7.162268	0.000881	0.001036
7.168313	0.000895	0.001132
7.174358	0.000939	0.001225
7.180403	0.000998	0.001298
7.186448	0.001060	0.001332
7.192492	0.001108	0.001337
7.198537	0.001151	0.001345
7.204582	0.001159	0.001347
7.210627	0.001143	0.001331
7.216671	0.001124	0.001312
7.222716	0.001116	0.001279
7.228761	0.001127	0.001235
7.234806	0.001142	0.001190
7.240850	0.001155	0.001150
7.246895	0.001163	0.001128
7.252940	0.001151	0.001123
7.258985	0.001124	0.001128
7.265030	0.001107	0.001132
7.271074	0.001090	0.001142
7.277119	0.001070	0.001156
7.283164	0.001069	0.001173
7.289209	0.001045	0.001181
7.295253	0.000976	0.001193
7.301298	0.000915	0.001196
7.307343	0.000872	0.001191
7.313388	0.000819	0.001182
7.319433	0.000789	0.001201
7.325477	0.000793	0.001224
7.331522	0.000795	0.001284
7.337567	0.000798	0.001353
7.343612	0.000798	0.001420
7.349656	0.000798	0.001465
7.355701	0.000789	0.001485
7.361746	0.000812	0.001496
7.367791	0.000843	0.001532
7.373836	0.000878	0.001594
7.379880	0.000895	0.001639
7.385925	0.000919	0.001663
7.391970	0.000914	0.001636
7.398015	0.000899	0.001574
7.404059	0.000888	0.001488
7.410104	0.000893	0.001423
7.416149	0.000901	0.001395
7.422194	0.000902	0.001384
7.428239	0.000915	0.001379
7.434283	0.000917	0.001374
7.440328	0.000950	0.001359
7.446373	0.000988	0.001363
7.452418	0.001026	0.001362
7.458462	0.001051	0.001353
7.464507	0.001082	0.001342
7.470552	0.001111	0.001347
7.476597	0.001199	0.001383
7.482642	0.001287	0.001438
7.488686	0.001379	0.001498
7.494731	0.001472	0.001563
7.500776	0.001538	0.001629
7.506821	0.001541	0.001644
7.512865	0.001559	0.001661
7.518910	0.001562	0.001662
7.524955	0.001583	0.001672
7.531000	0.001633	0.001687
7.537045	0.001702	0.001695
7.543089	0.001761	0.001704
7.549134	0.001824	0.001728
7.555179	0.001814	0.001721
7.561224	0.001740	0.001661
7.567268	0.001694	0.001572
7.573313	0.001659	0.001475
7.579358	0.001629	0.001381
7.585403	0.001654	0.001336
7.591448	0.001681	0.001330
7.597492	0.001657	0.001341
7.603537	0.001609	0.001363
7.609582	0.001569	0.001381
7.615627	0.001520	0.001379
7.621671	0.001491	0.001383
7.627716	0.001479	0.001413
7.633761	0.001470	0.001442
7.639806	0.001427	0.001453
7.645851	0.001405	0.001461
7.651895	0.001432	0.001538
7.657940	0.001456	0.001601
7.663985	0.001475	0.001654
7.670030	0.001532	0.001714
7.676074	0.001647	0.001773
7.682119	0.001739	0.001763
7.688164	0.001868	0.001761
7.694209	0.001993	0.001759
7.700254	0.002103	0.001765
7.706298	0.002150	0.001773
7.712343	0.002182	0.001780
7.718388	0.002170	0.001792
7.724433	0.002190	0.001809
7.730477	0.002220	0.001819
7.736522	0.000000	0.000000
7.742567	0.000000	0.000000
7.748612	0.000000	0.000000
7.754657	0.000000	0.000000
7.760701	0.000000	0.000000
7.766746	0.000000	0.000000
7.772791	0.000000	0.000000
7.778836	0.000000	0.000000
7.784880	0.000000	0.000000
7.790925	0.000000	0.000000
7.796970	0.000000	0.000000
7.803015	0.000000	0.000000
7.809060	0.000000	0.000000
7.815104	0.000000	0.000000
7.821149	0.000000	0.000000
7.827194	0.000000	0.000000
7.833239	0.000000	0.000000
7.839283	0.000000	0.000000
7.845328	0.000000	0.000000
7.851373	0.000000	0.000000
7.857418	0.000000	0.000000
7.863463	0.000000	0.000000
7.869507	0.000000	0.000000
7.875552	0.000000	0.000000
7.881597	0.000000	0.000000
7.887642	0.000000	0.000000
7.893686	0.000000	0.000000
7.899731	0.000000	0.000000
7.905776	0.000000	0.000000
7.911821	0.000000	0.000000
7.917865	0.000000	0.000000
7.923910	0.000000	0.000000
7.929955	0.000000	0.000000
7.936000	0.000000	0.000000
7.942045	0.000000	0.000000
7.948089	0.000000	0.000000
7.954134	0.000000	0.000000
7.960179	0.000000	0.000000
7.966224	0.000000	0.000000
7.972268	0.000000	0.000000
7.978313	0.000000	0.000000
7.984358	0.000000	0.000000
7.990403	0.000000	0.000000
7.996448	0.000000	0.000000
8.002492	0.000000	0.000000
8.008537	0.000000	0.000000
8.014582	0.000000	0.000000
8.020627	0.000000	0.000000
8.026671	0.000000	0.000000
8.032716	0.000000	0.000000
8.038761	0.000000	0.000000
8.044806	0.000000	0.000000
8.050851	0.000000	0.000000
8.056895	0.000000	0.000000
8.062940	0.000000	0.000000
8.068985	0.000000	0.000000
8.075030	0.000000	0.000000
8.081074	0.000000	0.000000
8.087119	0.000000	0.000000
8.093164	0.000000	0.000000
8.099209	0.000000	0.000000
8.105254	0.000000	0.000000
8.111298	0.000000	0.000000
8.117343	0.000000	0.000000
8.123388	0.000000	0.000000
8.129433	0.000000	0.000000
8.135477	0.000000	0.000000
8.141522	0.000000	0.000000
8.147567	0.000000	0.000000
8.153612	0.000000	0.000000
8.159657	0.000000	0.000000
8.165701	0.000000	0.000000
8.171746	0.000000	0.000000
8.177791	0.000000	0.000000
8.183836	0.000000	0.000000
8.189880	0.000000	0.000000
8.195925	0.000000	0.000000
8.201970	0.000000	0.000000
8.208015	0.000000	0.000000
8.214060	0.000000	0.000000
8.220104	0.000000	0.000000
8.226149	0.000000	0.000000
8.232194	0.000000	0.000000
8.238239	0.000000	0.000000
8.244283	0.000000	0.000000
8.250328	0.000000	0.000000
8.256373	0.000000	0.000000
8.262418	0.000000	0.000000
8.268463	0.000000	0.000000
8.274507	0.000000	0.000000
8.280552	0.000000	0.000000
8.286597	0.000000	0.000000
8.292642	0.000000	0.000000
8.298686	0.000000	0.000000
8.304731	0.000000	0.000000
8.310776	0.000000	0.000000
8.316821	0.000000	0.000000
8.322866	0.000000	0.000000
8.328910	0.000000	0.000000
8.334955	0.000000	0.000000
8.341000	0.000000	0.000000
8.347045	0.000000	0.000000
8.353089	0.000000	0.000000
8.359134	0.000000	0.000000
8.365179	0.000000	0.000000
8.371224	0.000000	0.000000
8.377269	0.000000	0.000000
8.383313	0.000000	0.000000
8.389358	0.000000	0.000000
8.395403	0.000000	0.000000
8.401448	0.000000	0.000000
8.407492	0.000000	0.000000
8.413537	0.000000	0.000000
8.419582	0.000000	0.000000
8.425627	0.000000	0.000000
8.431672	0.000000	0.000000
8.437716	0.000000	0.000000
8.443761	0.000000	0.000000
8.449806	0.000000	0.000000
8.455851	0.000000	0.000000
8.461895	0.000000	0.000000
8.467940	0.000000	0.000000
8.473985	0.000000	0.000000
8.480030	0.000000	0.000000
8.486075	0.000000	0.000000
8.492119	0.000000	0.000000
8.498164	0.000000	0.000000
