#Solvent Differentials
#Q(Ang^(-1)   DS/DT     DS/Drho
0.005253	0.000000	0.000000
0.011297	0.000000	0.000000
0.017342	0.000000	0.000000
0.023387	0.000000	0.000000
0.029432	0.000000	0.000000
0.035477	0.000000	0.000000
0.041521	0.000000	0.000000
0.047566	0.000000	0.000000
0.053611	0.000000	0.000000
0.059656	0.000000	0.000000
0.065700	0.000000	0.000000
0.071745	0.000000	0.000000
0.077790	0.000000	0.000000
0.083835	0.000000	0.000000
0.089880	0.000000	0.000000
0.095924	0.000000	0.000000
0.101969	0.000000	0.000000
0.108014	0.000000	0.000000
0.114059	0.000000	0.000000
0.120103	0.000000	0.000000
0.126148	0.000000	0.000000
0.132193	0.000000	0.000000
0.138238	0.000000	0.000000
0.144283	0.000000	0.000000
0.150327	0.000000	0.000000
0.156372	0.000000	0.000000
0.162417	0.000000	0.000000
0.168462	0.000000	0.000000
0.174506	0.000000	0.000000
0.180551	0.000000	0.000000
0.186596	0.000000	0.000000
0.192641	0.000000	0.000000
0.198685	0.000000	0.000000
0.204730	0.000000	0.000000
0.210775	0.000000	0.000000
0.216820	0.000000	0.000000
0.222865	0.000000	0.000000
0.228909	0.000000	0.000000
0.234954	0.000000	0.000000
0.240999	0.000000	0.000000
0.247044	0.000000	0.000000
0.253088	0.000000	0.000000
0.259133	0.000000	0.000000
0.265178	0.000000	0.000000
0.271223	0.000000	0.000000
0.277268	0.000000	0.000000
0.283312	0.000000	0.000000
0.289357	0.000000	0.000000
0.295402	0.000000	0.000000
0.301447	0.000000	0.000000
0.307491	0.000000	0.000000
0.313536	0.000000	0.000000
0.319581	0.000000	0.000000
0.325626	0.000000	0.000000
0.331671	0.000000	0.000000
0.337715	0.000000	0.000000
0.343760	0.000000	0.000000
0.349805	0.000000	0.000000
0.355850	0.000000	0.000000
0.361894	0.000000	0.000000
0.367939	0.004791	-0.340364
0.373984	-0.011444	-0.348595
0.380029	-0.002840	-0.352750
0.386074	-0.006260	-0.353922
0.392118	-0.007633	-0.348310
0.398163	0.007600	-0.335343
0.404208	-0.008687	-0.350183
0.410253	-0.009162	-0.344445
0.416297	-0.012219	-0.341158
0.422342	-0.012257	-0.344753
0.428387	-0.005391	-0.338863
0.434432	-0.008220	-0.333740
0.440477	-0.005409	-0.337133
0.446521	-0.010860	-0.341147
0.452566	-0.012365	-0.343784
0.458611	-0.019084	-0.345177
0.464656	-0.016518	-0.342290
0.470700	-0.015936	-0.346002
0.476745	-0.013452	-0.351636
0.482790	-0.001845	-0.348712
0.488835	-0.001768	-0.353704
0.494880	0.005347	-0.351163
0.500924	0.002857	-0.358383
0.506969	0.003723	-0.354579
0.513014	0.003452	-0.360915
0.519059	-0.008036	-0.362092
0.525103	-0.010321	-0.362916
0.531148	-0.008391	-0.361812
0.537193	-0.003650	-0.354515
0.543238	0.000655	-0.354212
0.549283	0.000739	-0.358092
0.555327	0.009085	-0.359469
0.561372	0.017081	-0.364344
0.567417	0.012616	-0.360617
0.573462	0.020248	-0.367377
0.579506	0.018329	-0.363461
0.585551	0.019324	-0.363479
0.591596	0.014853	-0.364608
0.597641	0.022267	-0.364444
0.603686	0.028922	-0.368499
0.609730	0.021890	-0.373536
0.615775	0.025152	-0.371637
0.621820	0.020687	-0.368529
0.627865	0.026486	-0.352956
0.633909	0.028137	-0.353163
0.639954	0.029203	-0.352228
0.645999	0.030865	-0.353585
0.652044	0.026793	-0.361499
0.658089	0.023252	-0.358632
0.664133	0.025831	-0.355042
0.670178	0.021073	-0.354563
0.676223	0.025827	-0.350800
0.682268	0.024120	-0.355261
0.688312	0.026132	-0.353348
0.694357	0.023736	-0.361809
0.700402	0.026483	-0.360525
0.706447	0.031870	-0.353836
0.712492	0.024318	-0.355950
0.718536	0.019877	-0.348417
0.724581	0.015062	-0.354205
0.730626	0.016955	-0.351384
0.736671	0.018236	-0.351671
0.742715	0.028466	-0.355831
0.748760	0.029461	-0.355470
0.754805	0.030088	-0.363857
0.760850	0.031440	-0.353715
0.766895	0.025322	-0.362586
0.772939	0.031687	-0.354605
0.778984	0.027087	-0.365237
0.785029	0.033290	-0.360669
0.791074	0.033816	-0.364182
0.797118	0.040771	-0.356032
0.803163	0.038279	-0.349549
0.809208	0.039566	-0.350480
0.815253	0.027505	-0.351965
0.821298	0.026985	-0.352639
0.827342	0.025378	-0.357870
0.833387	0.023959	-0.355146
0.839432	0.027133	-0.353948
0.845477	0.028160	-0.347525
0.851521	0.029933	-0.352089
0.857566	0.023304	-0.347056
0.863611	0.028753	-0.346929
0.869656	0.019685	-0.341908
0.875701	0.016497	-0.344458
0.881745	0.013616	-0.338225
0.887790	0.010959	-0.336141
0.893835	0.007384	-0.336718
0.899880	0.007765	-0.331767
0.905924	0.006565	-0.331258
0.911969	-0.001601	-0.330798
0.918014	0.006249	-0.320109
0.924059	0.002404	-0.323545
0.930103	0.008806	-0.311373
0.936148	-0.001251	-0.317895
0.942193	0.010069	-0.305876
0.948238	0.005722	-0.314613
0.954283	0.007593	-0.307353
0.960327	0.001114	-0.305184
0.966372	-0.000430	-0.299617
0.972417	-0.001437	-0.298331
0.978462	-0.003455	-0.294506
0.984506	-0.007506	-0.292183
0.990551	-0.009433	-0.288715
0.996596	-0.004909	-0.282094
1.002641	-0.016235	-0.276703
1.008686	-0.014322	-0.276549
1.014730	-0.020757	-0.272288
1.020775	-0.021323	-0.270051
1.026820	-0.025724	-0.265864
1.032865	-0.019823	-0.258469
1.038909	-0.026220	-0.256915
1.044954	-0.028603	-0.252337
1.050999	-0.034021	-0.251054
1.057044	-0.026984	-0.248820
1.063089	-0.034286	-0.241600
1.069133	-0.035324	-0.243291
1.075178	-0.038544	-0.243547
1.081223	-0.043005	-0.236107
1.087268	-0.040385	-0.236283
1.093312	-0.038644	-0.222024
1.099357	-0.035889	-0.221262
1.105402	-0.041100	-0.216670
1.111447	-0.037134	-0.215155
1.117492	-0.040176	-0.210954
1.123536	-0.037805	-0.213740
1.129581	-0.040978	-0.208121
1.135626	-0.047724	-0.213057
1.141671	-0.047586	-0.206000
1.147715	-0.046313	-0.201354
1.153760	-0.051917	-0.197263
1.159805	-0.040793	-0.190257
1.165850	-0.047818	-0.197623
1.171895	-0.044999	-0.191230
1.177939	-0.049890	-0.195299
1.183984	-0.051647	-0.196234
1.190029	-0.049118	-0.195495
1.196074	-0.053183	-0.191494
1.202118	-0.051898	-0.189680
1.208163	-0.054060	-0.186540
1.214208	-0.062421	-0.185319
1.220253	-0.055048	-0.181720
1.226298	-0.059885	-0.185085
1.232342	-0.061352	-0.186758
1.238387	-0.060090	-0.186901
1.244432	-0.060461	-0.188173
1.250477	-0.052185	-0.183464
1.256521	-0.050970	-0.184137
1.262566	-0.046764	-0.180588
1.268611	-0.044135	-0.180408
1.274656	-0.040969	-0.179477
1.280701	-0.042308	-0.178383
1.286745	-0.037680	-0.172520
1.292790	-0.039491	-0.172769
1.298835	-0.038063	-0.170451
1.304880	-0.037795	-0.171003
1.310924	-0.040273	-0.170518
1.316969	-0.036903	-0.172775
1.323014	-0.037905	-0.172255
1.329059	-0.038720	-0.174459
1.335104	-0.036680	-0.173810
1.341148	-0.037196	-0.175004
1.347193	-0.032785	-0.178148
1.353238	-0.035299	-0.176227
1.359283	-0.032885	-0.176485
1.365327	-0.028074	-0.174981
1.371372	-0.027726	-0.171535
1.377417	-0.028079	-0.170330
1.383462	-0.029392	-0.169579
1.389507	-0.032237	-0.173486
1.395551	-0.030272	-0.172151
1.401596	-0.028149	-0.171938
1.407641	-0.025374	-0.175367
1.413686	-0.020645	-0.175850
1.419730	-0.018182	-0.174690
1.425775	-0.017120	-0.170469
1.431820	-0.013967	-0.166424
1.437865	-0.019854	-0.162675
1.443910	-0.015753	-0.164424
1.449954	-0.020840	-0.160898
1.455999	-0.012583	-0.157338
1.462044	-0.017625	-0.157238
1.468089	-0.016499	-0.155330
1.474133	-0.015842	-0.149851
1.480178	-0.016850	-0.158069
1.486223	-0.022800	-0.153336
1.492268	-0.022348	-0.151238
1.498313	-0.023185	-0.148909
1.504357	-0.024576	-0.144962
1.510402	-0.020626	-0.137980
1.516447	-0.018075	-0.127569
1.522492	-0.014140	-0.124712
1.528536	-0.020011	-0.121574
1.534581	-0.016740	-0.124277
1.540626	-0.015879	-0.118616
1.546671	-0.016615	-0.114003
1.552716	-0.011090	-0.111005
1.558760	-0.010685	-0.097993
1.564805	-0.011598	-0.094167
1.570850	-0.018720	-0.088268
1.576895	-0.024217	-0.086623
1.582939	-0.026390	-0.082736
1.588984	-0.020571	-0.071039
1.595029	-0.022693	-0.067850
1.601074	-0.018177	-0.061963
1.607118	-0.020946	-0.053863
1.613163	-0.021983	-0.046396
1.619208	-0.023597	-0.035948
1.625253	-0.018483	-0.025463
1.631298	-0.024436	-0.012414
1.637342	-0.015888	0.000399
1.643387	-0.020114	0.011125
1.649432	-0.021131	0.020887
1.655477	-0.026154	0.030263
1.661521	-0.026005	0.042396
1.667566	-0.032429	0.047371
1.673611	-0.023503	0.056139
1.679656	-0.028175	0.065880
1.685701	-0.021335	0.074169
1.691745	-0.025950	0.076793
1.697790	-0.023596	0.090370
1.703835	-0.022380	0.095433
1.709880	-0.025168	0.101211
1.715924	-0.023966	0.106292
1.721969	-0.017202	0.113900
1.728014	-0.015513	0.115606
1.734059	-0.009871	0.120271
1.740104	-0.006221	0.130830
1.746148	-0.009381	0.130762
1.752193	-0.006628	0.138931
1.758238	-0.015431	0.136190
1.764283	-0.011547	0.140784
1.770327	-0.006164	0.143492
1.776372	-0.006114	0.143658
1.782417	-0.010288	0.144723
1.788462	-0.008973	0.150814
1.794507	-0.007874	0.152075
1.800551	-0.005771	0.147379
1.806596	-0.005764	0.150315
1.812641	-0.002968	0.151670
1.818686	-0.006888	0.149715
1.824730	0.002236	0.148814
1.830775	0.000194	0.145791
1.836820	0.005424	0.142173
1.842865	0.014692	0.144002
1.848910	0.017168	0.142935
1.854954	0.017594	0.140561
1.860999	0.019997	0.140617
1.867044	0.016859	0.137114
1.873089	0.021503	0.134344
1.879133	0.014551	0.128825
1.885178	0.018937	0.127536
1.891223	0.019750	0.117909
1.897268	0.024815	0.117037
1.903313	0.023871	0.107026
1.909357	0.028613	0.113288
1.915402	0.023885	0.108302
1.921447	0.027641	0.101237
1.927492	0.028840	0.102762
1.933536	0.028467	0.094208
1.939581	0.026915	0.088718
1.945626	0.028744	0.085597
1.951671	0.026641	0.083246
1.957716	0.028032	0.080054
1.963760	0.030716	0.083120
1.969805	0.027662	0.074577
1.975850	0.029544	0.072003
1.981895	0.033047	0.072767
1.987939	0.036379	0.069194
1.993984	0.037612	0.066384
2.000029	0.037514	0.058421
2.006074	0.037785	0.055660
2.012119	0.039171	0.049526
2.018163	0.041608	0.048865
2.024208	0.039755	0.049589
2.030253	0.039707	0.047934
2.036298	0.035697	0.042754
2.042342	0.036675	0.041041
2.048387	0.035965	0.031627
2.054432	0.037813	0.032259
2.060477	0.036130	0.027204
2.066522	0.036758	0.026939
2.072566	0.037140	0.020812
2.078611	0.040948	0.021221
2.084656	0.034577	0.018465
2.090701	0.038461	0.022235
2.096745	0.032935	0.017085
2.102790	0.032375	0.014187
2.108835	0.029202	0.010478
2.114880	0.034577	0.013390
2.120925	0.038928	0.012763
2.126969	0.039412	0.012753
2.133014	0.038569	0.005486
2.139059	0.036553	0.006204
2.145104	0.035324	0.002082
2.151148	0.035829	0.003310
2.157193	0.036440	0.002804
2.163238	0.035280	0.002453
2.169283	0.032118	-0.000928
2.175328	0.033190	-0.004647
2.181372	0.030773	-0.008095
2.187417	0.031138	-0.006288
2.193462	0.035519	-0.004663
2.199507	0.035531	-0.005723
2.205551	0.038325	-0.004729
2.211596	0.039025	-0.002371
2.217641	0.031602	-0.006578
2.223686	0.035749	-0.001425
2.229731	0.033424	-0.006634
2.235775	0.031491	-0.010315
2.241820	0.034550	-0.010086
2.247865	0.034045	-0.012517
2.253910	0.033802	-0.012319
2.259954	0.035513	-0.010926
2.265999	0.035266	-0.013057
2.272044	0.033072	-0.015430
2.278089	0.033775	-0.017513
2.284134	0.033839	-0.018296
2.290178	0.033269	-0.015349
2.296223	0.029687	-0.018245
2.302268	0.030898	-0.017126
2.308313	0.024294	-0.021006
2.314357	0.027967	-0.019846
2.320402	0.027365	-0.020681
2.326447	0.027249	-0.019480
2.332492	0.027396	-0.021576
2.338536	0.025089	-0.022158
2.344581	0.026349	-0.017042
2.350626	0.025900	-0.023133
2.356671	0.023736	-0.021700
2.362716	0.026330	-0.020324
2.368760	0.025673	-0.020802
2.374805	0.023430	-0.022951
2.380850	0.022141	-0.021558
2.386895	0.022788	-0.025569
2.392939	0.021741	-0.020739
2.398984	0.023150	-0.018995
2.405029	0.021460	-0.019628
2.411074	0.018395	-0.019601
2.417119	0.017790	-0.019846
2.423163	0.015394	-0.020398
2.429208	0.017273	-0.018141
2.435253	0.014560	-0.017334
2.441298	0.018396	-0.016428
2.447342	0.018240	-0.010715
2.453387	0.017956	-0.011003
2.459432	0.017866	-0.015173
2.465477	0.017850	-0.015352
2.471522	0.015629	-0.017290
2.477566	0.013739	-0.019291
2.483611	0.013330	-0.018996
2.489656	0.010577	-0.016044
2.495701	0.011267	-0.014023
2.501745	0.011249	-0.015863
2.507790	0.013298	-0.012953
2.513835	0.012841	-0.014239
2.519880	0.008263	-0.014364
2.525925	0.010212	-0.014975
2.531969	0.008580	-0.016801
2.538014	0.007908	-0.018296
2.544059	0.008754	-0.013927
2.550104	0.004612	-0.016456
2.556148	0.008157	-0.015921
2.562193	0.003746	-0.015724
2.568238	0.006142	-0.016573
2.574283	0.002860	-0.016939
2.580328	0.003630	-0.016479
2.586372	0.003865	-0.017353
2.592417	0.004946	-0.014752
2.598462	0.005942	-0.014863
2.604507	0.004714	-0.012063
2.610551	0.002405	-0.012246
2.616596	0.001504	-0.015025
2.622641	0.002907	-0.008736
2.628686	0.002941	-0.010496
2.634731	0.002081	-0.007737
2.640775	0.002676	-0.006148
2.646820	0.000588	-0.008362
2.652865	0.002023	-0.010142
2.658910	0.002469	-0.011287
2.664954	0.000545	-0.012952
2.670999	-0.000774	-0.013260
2.677044	-0.000042	-0.013379
2.683089	0.001127	-0.011614
2.689134	0.001244	-0.008472
2.695178	0.002258	-0.008055
2.701223	0.000076	-0.009482
2.707268	-0.001232	-0.009474
2.713313	-0.006208	-0.011201
2.719357	-0.005213	-0.011066
2.725402	-0.008635	-0.010407
2.731447	-0.007649	-0.006734
2.737492	-0.004353	-0.005259
2.743537	-0.004130	-0.005107
2.749581	-0.005601	-0.002602
2.755626	-0.006729	-0.002425
2.761671	-0.007585	-0.002677
2.767716	-0.007497	-0.002700
2.773760	-0.008005	-0.000975
2.779805	-0.006209	-0.002227
2.785850	-0.008841	-0.003154
2.791895	-0.009938	-0.005390
2.797940	-0.011812	-0.004599
2.803984	-0.012527	-0.003496
2.810029	-0.015614	-0.004635
2.816074	-0.012149	-0.003581
2.822119	-0.013714	-0.003835
2.828163	-0.010708	-0.006192
2.834208	-0.013468	-0.007982
2.840253	-0.010921	-0.006442
2.846298	-0.014825	-0.006004
2.852343	-0.013021	-0.005185
2.858387	-0.013349	-0.006975
2.864432	-0.012551	-0.004152
2.870477	-0.011568	-0.003053
2.876522	-0.011595	-0.004021
2.882566	-0.011312	-0.006299
2.888611	-0.010674	-0.005658
2.894656	-0.013702	-0.004821
2.900701	-0.014520	-0.004748
2.906746	-0.015404	-0.003580
2.912790	-0.015967	-0.000507
2.918835	-0.015963	0.000155
2.924880	-0.015097	0.000982
2.930925	-0.012029	0.000983
2.936969	-0.011620	-0.000130
2.943014	-0.012168	0.000714
2.949059	-0.010594	-0.001105
2.955104	-0.008966	0.000031
2.961149	-0.009420	-0.002034
2.967193	-0.008328	-0.003467
2.973238	-0.010385	-0.002652
2.979283	-0.010278	-0.000262
2.985328	-0.013017	-0.000215
2.991372	-0.014088	0.001855
2.997417	-0.010539	0.000110
3.003462	-0.012289	-0.002542
3.009507	-0.011568	-0.003622
3.015551	-0.011735	-0.003759
3.021596	-0.010978	-0.004913
3.027641	-0.010402	-0.002977
3.033686	-0.013441	-0.002515
3.039731	-0.014386	-0.003468
3.045775	-0.014384	-0.003125
3.051820	-0.012216	-0.003683
3.057865	-0.010472	-0.001677
3.063910	-0.009840	-0.001367
3.069954	-0.007728	-0.000808
3.075999	-0.007213	0.000435
3.082044	-0.005545	0.001683
3.088089	-0.006715	0.000174
3.094134	-0.008696	-0.000412
3.100178	-0.010472	-0.000921
3.106223	-0.010777	-0.001986
3.112268	-0.008238	-0.001845
3.118313	-0.008333	-0.001900
3.124357	-0.006367	-0.002858
3.130402	-0.005694	-0.002123
3.136447	-0.006242	-0.002434
3.142492	-0.004714	-0.000115
3.148537	-0.005622	0.000328
3.154581	-0.005021	-0.000295
3.160626	-0.008044	-0.002807
3.166671	-0.009571	-0.003109
3.172716	-0.009459	-0.003727
3.178760	-0.009203	-0.002337
3.184805	-0.006021	-0.001104
3.190850	-0.005030	0.000105
3.196895	-0.004377	0.000664
3.202940	-0.004370	-0.000092
3.208984	-0.007417	0.001277
3.215029	-0.008083	-0.000831
3.221074	-0.007669	0.000335
3.227119	-0.007737	-0.001516
3.233163	-0.006182	-0.000498
3.239208	-0.007652	-0.003375
3.245253	-0.006584	-0.003047
3.251298	-0.004656	-0.002508
3.257343	-0.002075	-0.002632
3.263387	-0.000536	-0.000558
3.269432	-0.000553	-0.001517
3.275477	-0.001117	-0.000198
3.281522	-0.001455	0.000405
3.287566	-0.001233	-0.001414
3.293611	-0.001777	-0.002456
3.299656	-0.001555	-0.004068
3.305701	-0.002358	-0.003398
3.311746	0.000465	-0.004184
3.317790	-0.002654	-0.004198
3.323835	-0.003332	-0.004570
3.329880	-0.002075	-0.005839
3.335925	-0.002641	-0.005997
3.341969	0.000570	-0.005592
3.348014	0.001801	-0.003015
3.354059	-0.000643	-0.004056
3.360104	0.000658	-0.003408
3.366149	-0.000073	-0.001618
3.372193	-0.000493	-0.001839
3.378238	-0.000262	-0.003259
3.384283	-0.002952	-0.004943
3.390328	-0.002143	-0.005019
3.396372	-0.000219	-0.004369
3.402417	0.000634	-0.002405
3.408462	0.001136	-0.001865
3.414507	0.002696	-0.002276
3.420552	0.001078	-0.002963
3.426596	0.000077	-0.003606
3.432641	-0.000489	-0.005131
3.438686	-0.000981	-0.001954
3.444731	-0.001290	-0.004422
3.450775	-0.000855	-0.004356
3.456820	0.000752	0.000245
3.462865	-0.000219	-0.002976
3.468910	-0.002606	-0.003628
3.474955	-0.003387	-0.004341
3.480999	-0.004776	-0.004732
3.487044	-0.002828	-0.004322
3.493089	-0.002669	-0.002980
3.499134	-0.000877	-0.003664
3.505178	-0.001650	-0.002347
3.511223	-0.000707	-0.002548
3.517268	-0.000097	-0.003580
3.523313	-0.000243	-0.003542
3.529358	0.000401	-0.003617
3.535402	0.000499	-0.002420
3.541447	-0.001340	-0.003049
3.547492	-0.001923	-0.002712
3.553537	-0.001287	-0.001166
3.559581	-0.002264	-0.002743
3.565626	-0.000771	-0.000729
3.571671	0.001184	0.001179
3.577716	0.001404	0.000845
3.583761	0.000182	0.001346
3.589805	-0.000524	-0.000389
3.595850	-0.000116	-0.000618
3.601895	0.000058	-0.001060
3.607940	0.000704	-0.001244
3.613984	-0.001678	-0.002005
3.620029	0.000061	-0.000377
3.626074	-0.000453	-0.001989
3.632119	-0.001811	-0.003118
3.638164	0.001025	-0.002562
3.644208	0.003513	-0.002452
3.650253	0.003385	0.001004
3.656298	0.003003	-0.000077
3.662343	0.003609	0.000390
3.668387	0.002663	0.001968
3.674432	0.002669	0.001907
3.680477	0.004751	0.002046
3.686522	0.005767	0.003034
3.692567	0.005527	0.001306
3.698611	0.002901	0.000829
3.704656	0.003835	0.000135
3.710701	0.004502	-0.000110
3.716746	0.004690	0.000855
3.722790	0.004976	0.001500
3.728835	0.004210	0.000922
3.734880	0.002885	0.000376
3.740925	0.002712	0.000787
3.746969	0.001754	-0.001220
3.753014	0.003046	-0.000618
3.759059	0.001966	0.001142
3.765104	0.002273	0.001696
3.771149	0.002524	0.002824
3.777193	0.002590	0.002738
3.783238	0.002061	0.001314
3.789283	0.002626	0.002719
3.795328	0.004149	0.001536
3.801372	0.002863	0.000567
3.807417	0.002833	-0.000756
3.813462	0.000841	-0.000359
3.819507	0.000578	0.000165
3.825552	0.002024	0.000894
3.831596	0.001260	0.001087
3.837641	-0.000381	0.000632
3.843686	0.000410	-0.000064
3.849731	-0.000852	0.000244
3.855775	-0.000028	-0.001036
3.861820	-0.000307	-0.000932
3.867865	0.000637	-0.001202
3.873910	0.000745	-0.000209
3.879955	0.001808	0.000384
3.885999	0.001579	0.002361
3.892044	0.003144	0.002870
3.898089	0.001561	0.001380
3.904134	0.004206	0.003497
3.910178	0.004203	0.003414
3.916223	0.004493	0.003724
3.922268	0.003443	0.004125
3.928313	0.004338	0.002938
3.934358	0.003406	0.003150
3.940402	0.003927	0.001794
3.946447	0.002451	0.002200
3.952492	0.004413	0.003594
3.958537	0.003451	0.003516
3.964581	0.004246	0.003318
3.970626	0.004176	0.003823
3.976671	0.006315	0.003756
3.982716	0.004998	0.002643
3.988761	0.005996	0.004270
3.994805	0.003583	0.002878
4.000850	0.003475	0.002997
4.006895	0.005108	0.003281
4.012940	0.004136	0.004020
4.018984	0.004711	0.003782
4.025029	0.004157	0.003352
4.031074	0.003217	0.002070
4.037119	0.002806	0.003432
4.043164	0.004090	0.004654
4.049208	0.005274	0.005787
4.055253	0.005405	0.003441
4.061298	0.003755	0.002330
4.067343	0.003573	0.001027
4.073387	0.004615	0.001984
4.079432	0.003040	0.001938
4.085477	0.003604	0.001594
4.091522	0.004215	0.001634
4.097567	0.005175	0.000564
4.103611	0.006020	-0.000473
4.109656	0.003568	-0.001721
4.115701	0.003145	-0.000555
4.121746	0.002280	0.000319
4.127790	0.001941	0.000590
4.133835	-0.000253	0.000185
4.139880	0.001336	0.001860
4.145925	0.002715	0.002589
4.151970	0.001470	0.003420
4.158014	0.003205	0.003494
4.164059	0.003268	0.003330
4.170104	0.002723	0.000445
4.176149	0.004240	0.001154
4.182193	0.003994	0.000210
4.188238	0.003070	0.000638
4.194283	0.003405	0.001261
4.200328	0.005552	0.000828
4.206373	0.002542	0.000080
4.212417	0.005217	0.000857
4.218462	0.005515	0.002310
4.224507	0.005149	0.001950
4.230552	0.005049	0.002896
4.236596	0.001256	0.001263
4.242641	0.001148	0.000382
4.248686	0.001120	-0.000357
4.254731	0.003151	0.000122
4.260776	0.002837	0.000027
4.266820	0.004587	-0.001839
4.272865	0.004675	-0.000156
4.278910	0.004157	-0.001026
4.284955	0.003245	-0.001754
4.290999	0.004316	0.000688
4.297044	0.001827	0.002540
4.303089	0.002596	0.000965
4.309134	0.003150	0.001066
4.315179	0.004088	0.000782
4.321223	0.004093	0.002974
4.327268	0.005765	0.005063
4.333313	0.006418	0.005524
4.339358	0.006091	0.003755
4.345402	0.006400	0.002928
4.351447	0.006004	0.000895
4.357492	0.004586	-0.000788
4.363537	0.005661	-0.000565
4.369582	0.006407	0.001927
4.375626	0.006331	0.000630
4.381671	0.004534	0.002696
4.387716	0.003618	0.002474
4.393761	0.004651	0.001987
4.399805	0.004540	0.001990
4.405850	0.003397	0.002177
4.411895	0.001577	0.000738
4.417940	0.002775	0.000985
4.423984	0.003141	0.000939
4.430029	0.004364	0.001432
4.436074	0.005140	0.002087
4.442119	0.006412	0.001720
4.448164	0.004149	-0.000338
4.454208	0.004565	0.000203
4.460253	0.003877	-0.000809
4.466298	0.005409	0.000515
4.472343	0.005067	0.001205
4.478387	0.003035	0.000179
4.484432	0.003847	0.000413
4.490477	0.002949	-0.000168
4.496522	0.002635	0.000001
4.502567	0.003336	0.001323
4.508611	0.005320	0.003969
4.514656	0.004073	0.004971
4.520701	0.003177	0.002840
4.526746	0.003606	0.000588
4.532790	0.003150	0.000908
4.538835	0.004157	0.001082
4.544880	0.003835	0.001091
4.550925	0.003767	-0.000066
4.556970	0.003017	0.001005
4.563014	0.003539	-0.000529
4.569059	0.003271	-0.001819
4.575104	0.001659	-0.002103
4.581149	0.001699	-0.000874
4.587193	0.002355	0.000223
4.593238	0.003387	0.000617
4.599283	0.004945	0.000388
4.605328	0.007295	0.000864
4.611373	0.006090	-0.000448
4.617417	0.005852	-0.000435
4.623462	0.006790	-0.000306
4.629507	0.007362	-0.000261
4.635552	0.006648	-0.000345
4.641596	0.005551	-0.000549
4.647641	0.004096	0.000832
4.653686	0.003005	-0.000337
4.659731	0.003828	0.000169
4.665776	0.003905	-0.000333
4.671820	0.005518	-0.000048
4.677865	0.004776	-0.000273
4.683910	0.002163	-0.002086
4.689955	0.001598	-0.001253
4.695999	0.001754	-0.001302
4.702044	0.002447	-0.003266
4.708089	0.002404	-0.002561
4.714134	0.002096	-0.001749
4.720179	0.003592	-0.001280
4.726223	0.003361	-0.002093
4.732268	0.002842	-0.001925
4.738313	0.003269	-0.002165
4.744358	0.002210	-0.000243
4.750402	0.002980	-0.001034
4.756447	0.004108	0.001139
4.762492	0.004210	0.001914
4.768537	0.004681	0.001551
4.774582	0.004374	0.003273
4.780626	0.003385	0.002869
4.786671	0.001930	0.000706
4.792716	0.000897	0.000338
4.798761	0.000392	0.000110
4.804805	0.001763	0.001703
4.810850	0.001503	0.000445
4.816895	0.002308	0.001039
4.822940	0.002125	0.000885
4.828985	0.003140	0.000098
4.835029	0.002306	-0.001399
4.841074	0.002113	-0.000766
4.847119	0.002380	0.000082
4.853164	0.001726	0.000834
4.859208	0.000368	0.000508
4.865253	0.000354	-0.000474
4.871298	0.001297	0.000857
4.877343	0.001181	-0.000145
4.883388	0.000821	-0.001112
4.889432	0.000865	-0.001855
4.895477	0.000561	-0.001753
4.901522	-0.000491	-0.000115
4.907567	-0.002081	0.000037
4.913611	-0.000015	0.000585
4.919656	-0.000932	-0.001118
4.925701	0.000752	-0.001152
4.931746	0.000992	0.000305
4.937791	0.002294	0.000682
4.943835	0.002931	0.001172
4.949880	0.001193	-0.000836
4.955925	0.000329	-0.000357
4.961970	-0.000529	-0.000294
4.968014	0.000542	-0.000961
4.974059	0.000016	0.000345
4.980104	-0.000073	0.000376
4.986149	0.000332	0.001716
4.992194	0.001650	0.000880
4.998238	0.003302	0.002127
5.004283	0.004230	0.002136
5.010328	0.003543	0.001524
5.016373	0.002313	0.001637
5.022417	0.001547	0.000786
5.028462	0.001796	0.000410
5.034507	0.003135	0.001525
5.040552	0.001184	0.000442
5.046597	0.000926	-0.000097
5.052641	0.000593	-0.000687
5.058686	0.001101	0.000156
5.064731	0.001345	0.001483
5.070776	0.000865	0.001065
5.076820	0.001470	0.000100
5.082865	0.000121	0.000166
5.088910	-0.000408	-0.000836
5.094955	-0.000054	-0.000035
5.100999	0.000791	-0.000147
5.107044	0.000192	-0.000671
5.113089	0.000984	-0.000095
5.119134	0.001960	0.000189
5.125179	0.001504	-0.000301
5.131223	0.000987	-0.000152
5.137268	0.000393	-0.001169
5.143313	0.000709	-0.001040
5.149358	-0.000058	-0.000712
5.155402	-0.001741	-0.002266
5.161447	-0.002986	-0.000815
5.167492	-0.002361	-0.001249
5.173537	-0.001786	-0.001191
5.179582	-0.000413	-0.000338
5.185626	0.000279	0.000771
5.191671	0.001320	0.000715
5.197716	0.001476	0.001890
5.203761	0.002895	0.001722
5.209805	0.002533	0.001434
5.215850	0.001084	0.001101
5.221895	0.001162	0.002090
5.227940	0.000502	0.002561
5.233985	0.000095	0.002359
5.240029	-0.000573	0.003711
5.246074	-0.001491	0.002239
5.252119	-0.001439	0.000990
5.258164	-0.001528	0.000626
5.264208	-0.001130	0.000898
5.270253	-0.000730	0.002443
5.276298	-0.000360	0.002121
5.282343	-0.002191	0.002050
5.288388	-0.002341	0.003469
5.294432	-0.000511	0.003840
5.300477	0.000459	0.002261
5.306522	0.001594	0.003016
5.312567	0.001206	0.003149
5.318611	0.000329	0.002420
5.324656	0.001287	0.002380
5.330701	-0.002216	-0.000175
5.336746	-0.003360	0.001064
5.342791	-0.001820	0.001644
5.348835	-0.001942	0.000285
5.354880	-0.001306	0.000240
5.360925	-0.000742	0.000241
5.366970	-0.000847	-0.000286
5.373014	-0.000189	-0.000723
5.379059	-0.001616	-0.003058
5.385104	-0.001659	-0.002535
5.391149	-0.001250	-0.000477
5.397194	-0.000252	-0.000233
5.403238	-0.001111	-0.001666
5.409283	-0.001159	-0.000202
5.415328	-0.002166	0.001322
5.421373	-0.003607	0.001070
5.427417	-0.002953	0.001725
5.433462	-0.002685	0.000884
5.439507	-0.002011	0.001037
5.445552	-0.001130	0.001755
5.451597	-0.002189	0.001369
5.457641	-0.002599	0.003150
5.463686	-0.001978	0.004007
5.469731	-0.001023	0.003689
5.475776	-0.002373	0.002645
5.481820	-0.002451	0.000956
5.487865	-0.002459	-0.000715
5.493910	-0.002308	-0.001779
5.499955	-0.001187	-0.001203
5.506000	-0.001616	-0.001441
5.512044	-0.001528	-0.000678
5.518089	-0.000395	0.000124
5.524134	0.000022	0.002463
5.530179	-0.001644	0.002511
5.536223	-0.002371	0.001952
5.542268	-0.002362	-0.000343
5.548313	-0.003697	-0.002328
5.554358	-0.003272	-0.001121
5.560403	-0.004669	0.000747
5.566447	-0.005097	-0.000204
5.572492	-0.002465	0.000989
5.578537	-0.002399	0.000668
5.584582	-0.001759	0.001836
5.590626	-0.000448	0.001887
5.596671	-0.000579	0.001695
5.602716	-0.000466	0.001101
5.608761	-0.001941	0.000625
5.614806	-0.004343	-0.001750
5.620850	-0.005589	-0.002057
5.626895	-0.004757	0.000081
5.632940	-0.003157	-0.000433
5.638985	-0.002093	0.000437
5.645029	-0.002426	0.000732
5.651074	-0.003394	-0.000602
5.657119	-0.000763	-0.000563
5.663164	0.000553	0.000169
5.669209	0.000539	0.001983
5.675253	0.000073	0.001537
5.681298	-0.001203	0.001853
5.687343	-0.000462	0.000221
5.693388	0.001777	0.001603
5.699432	0.001320	0.001290
5.705477	0.000271	0.001207
5.711522	-0.000445	-0.000230
5.717567	-0.001460	-0.001232
5.723612	-0.002005	-0.000186
5.729656	-0.001701	-0.002537
5.735701	-0.003278	-0.002956
5.741746	-0.001930	-0.001455
5.747791	-0.001241	-0.000440
5.753835	-0.002145	-0.000400
5.759880	-0.000621	0.001139
5.765925	0.000183	0.001614
5.771970	0.001725	0.002191
5.778015	0.000724	0.002164
5.784059	-0.000456	0.002172
5.790104	-0.000100	0.001371
5.796149	-0.000405	0.001883
5.802194	-0.001690	-0.000430
5.808238	-0.001868	-0.000092
5.814283	-0.002282	-0.000893
5.820328	0.000210	-0.001053
5.826373	0.000563	-0.001939
5.832417	0.000435	-0.001698
5.838462	0.000576	-0.000839
5.844507	0.000206	0.000469
5.850552	-0.001267	0.000709
5.856597	-0.000788	0.001593
5.862641	0.000590	0.001543
5.868686	0.000908	0.000898
5.874731	0.001549	0.000440
5.880776	-0.000822	-0.001545
5.886820	-0.001270	-0.000288
5.892865	-0.000235	0.000191
5.898910	0.000807	0.001191
5.904955	0.001382	-0.000779
5.911000	0.000669	-0.001808
5.917044	0.000961	-0.000308
5.923089	0.001750	0.001661
5.929134	0.001375	0.000697
5.935179	-0.000904	0.001019
5.941223	-0.002587	-0.001002
5.947268	-0.000833	-0.001056
5.953313	0.001245	-0.000292
5.959358	0.003029	-0.000711
5.965403	0.003428	-0.000430
5.971447	0.002836	-0.001752
5.977492	0.002490	-0.000694
5.983537	0.002906	0.000227
5.989582	0.002387	0.000985
5.995626	0.001403	0.000470
6.001671	0.001273	-0.002412
6.007716	0.000408	-0.002240
6.013761	0.000046	-0.003467
6.019806	0.001154	-0.002897
6.025850	0.000743	-0.003928
6.031895	0.001190	-0.002824
6.037940	-0.000466	-0.002534
6.043985	0.000812	-0.002460
6.050029	0.002629	0.001071
6.056074	0.002739	0.000176
6.062119	0.003107	-0.003361
6.068164	0.002815	-0.003090
6.074209	0.001653	-0.003407
6.080253	0.001814	-0.002578
6.086298	0.002937	-0.003117
6.092343	0.003473	-0.001029
6.098388	0.003017	0.001166
6.104432	0.004274	0.002279
6.110477	0.003637	0.000849
6.116522	0.004651	0.000630
6.122567	0.004020	-0.000518
6.128612	0.002513	-0.002225
6.134656	0.002128	-0.001907
6.140701	0.003178	-0.000910
6.146746	0.003062	-0.001572
6.152791	0.003190	-0.002217
6.158835	0.003418	-0.000793
6.164880	0.002788	0.000261
6.170925	0.003129	0.000520
6.176970	0.003361	0.001898
6.183015	0.003004	0.001572
6.189059	0.004295	0.001907
6.195104	0.004131	0.000522
6.201149	0.003816	-0.000203
6.207194	0.002748	-0.001091
6.213238	0.002191	-0.002279
6.219283	0.002583	-0.000584
6.225328	0.002812	-0.001278
6.231373	0.002238	-0.001636
6.237418	0.002014	-0.002506
6.243462	0.000390	-0.004749
6.249507	0.000672	-0.003647
6.255552	-0.000569	-0.002224
6.261597	-0.001320	-0.001773
6.267641	-0.000684	-0.000252
6.273686	0.001124	0.000591
6.279731	0.002782	0.000892
6.285776	0.004038	0.002043
6.291821	0.003262	0.001463
6.297865	0.002504	0.001279
6.303910	0.003746	0.001309
6.309955	0.002690	-0.000867
6.316000	0.002633	-0.000988
6.322044	0.002909	-0.001193
6.328089	0.002585	-0.000984
6.334134	0.002122	-0.001784
6.340179	0.000500	-0.003636
6.346224	0.001476	-0.001606
6.352268	0.002897	-0.000810
6.358313	0.002011	-0.002783
6.364358	-0.000042	-0.003645
6.370403	0.001519	-0.002396
6.376447	0.002265	-0.000598
6.382492	0.004120	-0.001034
6.388537	0.004227	0.001229
6.394582	0.003924	0.000656
6.400627	0.002798	0.000455
6.406671	0.001900	0.000691
6.412716	0.002855	0.002278
6.418761	0.001358	0.001136
6.424806	0.000383	0.000472
6.430850	0.001369	0.000824
6.436895	0.001524	0.001112
6.442940	-0.000856	0.000725
6.448985	0.000000	-0.000743
6.455030	-0.000031	-0.001958
6.461074	0.000901	-0.002498
6.467119	0.002341	-0.003360
6.473164	0.003283	-0.004303
6.479209	0.003905	-0.002310
6.485253	0.003764	-0.000530
6.491298	0.004519	-0.001184
6.497343	0.005646	-0.000471
6.503388	0.005905	-0.001351
6.509432	0.003863	-0.000895
6.515477	0.003363	-0.001347
6.521522	0.002997	-0.002292
6.527567	0.002361	-0.002064
6.533612	0.001978	-0.002214
6.539656	0.002183	-0.001005
6.545701	0.004487	0.001883
6.551746	0.003186	0.003168
6.557791	0.004808	0.004152
6.563835	0.004547	0.001765
6.569880	0.005628	0.001315
6.575925	0.004234	-0.000366
6.581970	0.003607	-0.002053
6.588015	0.003428	-0.003217
6.594059	0.002583	-0.001287
6.600104	0.003412	-0.000821
6.606149	0.003254	-0.000008
6.612194	0.002542	-0.000154
6.618238	0.002286	0.000057
6.624283	0.003662	0.000106
6.630328	0.003026	0.000866
6.636373	0.001418	-0.000994
6.642418	0.001954	-0.001126
6.648462	0.001571	-0.000278
6.654507	0.002337	0.000235
6.660552	0.003804	-0.001025
6.666597	0.004672	0.000156
6.672641	0.004304	-0.001488
6.678686	0.004304	0.000237
6.684731	0.004207	0.002094
6.690776	0.001510	-0.000766
6.696821	0.002310	-0.001581
6.702865	0.003001	-0.001631
6.708910	0.002943	0.000312
6.714955	0.002636	0.000480
6.721000	0.002731	-0.001033
6.727044	0.003817	-0.002240
6.733089	0.003427	-0.001458
6.739134	0.000904	0.000896
6.745179	-0.001740	0.000214
6.751224	-0.000725	-0.001515
6.757268	0.001241	-0.003354
6.763313	0.003835	-0.000441
6.769358	0.004009	0.000607
6.775403	0.003324	0.001272
6.781447	0.005046	0.002770
6.787492	0.003854	0.003597
6.793537	0.002414	0.002974
6.799582	0.003300	0.001410
6.805627	0.001768	0.000515
6.811671	0.003326	0.001864
6.817716	0.004733	0.000586
6.823761	0.003600	0.000250
6.829806	0.002988	-0.000567
6.835850	0.003153	-0.000173
6.841895	0.005089	0.000342
6.847940	0.003491	-0.001761
6.853985	0.000937	-0.002316
6.860030	0.000917	-0.002054
6.866074	0.001638	-0.001511
6.872119	0.002994	-0.000899
6.878164	0.003113	-0.000476
6.884209	0.002027	-0.000590
6.890253	0.001156	-0.001307
6.896298	-0.000368	0.000306
6.902343	0.000515	0.000714
6.908388	-0.001495	-0.001057
6.914433	0.001099	0.001048
6.920477	0.001933	0.001342
6.926522	0.002860	0.000478
6.932567	0.001616	-0.000334
6.938612	0.001193	0.000017
6.944656	0.000416	-0.000758
6.950701	-0.000548	-0.002413
6.956746	0.001552	-0.002411
6.962791	0.003019	-0.000378
6.968836	0.002526	-0.000079
6.974880	0.003802	0.000296
6.980925	0.003708	0.000507
6.986970	0.000279	-0.000052
6.993015	-0.001973	-0.001668
6.999059	-0.001105	-0.000153
7.005104	-0.000115	0.000009
7.011149	0.001121	-0.001746
7.017194	0.002489	-0.002508
7.023239	0.001120	-0.003455
7.029283	0.001844	-0.000474
7.035328	0.002880	0.000558
7.041373	0.001853	-0.000837
7.047418	0.000223	-0.001927
7.053462	-0.000882	-0.002914
7.059507	0.000219	0.000230
7.065552	0.000914	0.000574
7.071597	0.000203	-0.000199
7.077642	-0.001422	-0.000511
7.083686	-0.002569	-0.001616
7.089731	-0.000791	-0.000309
7.095776	0.000427	-0.000020
7.101821	0.000983	-0.000052
7.107865	0.000110	0.001779
7.113910	0.001361	0.002734
7.119955	0.000509	-0.000416
7.126000	-0.001802	-0.002696
7.132045	0.000119	-0.001814
7.138089	0.000131	-0.000962
7.144134	0.000100	-0.000259
7.150179	0.000895	0.001667
7.156224	0.000579	0.001536
7.162268	0.000141	0.000986
7.168313	-0.001232	-0.002194
7.174358	0.000098	0.001085
7.180403	0.002033	0.002339
7.186448	0.002063	0.001616
7.192492	0.001668	0.000280
7.198537	0.001352	0.000524
7.204582	0.000733	0.000175
7.210627	0.000949	0.000630
7.216671	0.000192	0.002427
7.222716	-0.001127	0.002492
7.228761	-0.000681	0.001634
7.234806	-0.001317	0.000378
7.240850	-0.001598	-0.001955
7.246895	-0.000427	-0.000860
7.252940	0.002224	0.000978
7.258985	-0.000149	-0.000173
7.265030	-0.000170	-0.000168
7.271074	-0.000986	-0.000669
7.277119	-0.000894	-0.000357
7.283164	-0.001096	-0.001056
7.289209	0.000536	0.000052
7.295253	0.000071	0.000532
7.301298	-0.000060	-0.000468
7.307343	0.002392	0.000526
7.313388	0.001970	0.001526
7.319433	0.001147	0.001146
7.325477	0.000034	0.001740
7.331522	-0.001177	0.000082
7.337567	-0.002661	0.000310
7.343612	-0.002057	0.001010
7.349656	-0.000879	0.001756
7.355701	-0.000319	0.003877
7.361746	0.002067	0.004734
7.367791	0.000341	0.004055
7.373836	-0.000338	0.002895
7.379880	0.000392	0.002385
7.385925	0.001765	0.002125
7.391970	-0.000993	0.002048
7.398015	-0.001714	0.000998
7.404059	-0.000426	-0.000304
7.410104	0.001331	0.001292
7.416149	-0.001364	0.000669
7.422194	-0.003495	0.000838
7.428239	-0.004136	-0.000875
7.434283	-0.003005	-0.002521
7.440328	-0.003431	-0.002534
7.446373	-0.003560	-0.001309
7.452418	-0.004802	-0.002176
7.458462	-0.001878	-0.001660
7.464507	-0.001230	-0.006700
7.470552	-0.004538	-0.002314
7.476597	-0.002280	0.000217
7.482642	-0.002593	-0.003479
7.488686	-0.001448	-0.003275
7.494731	-0.001999	-0.001191
7.500776	-0.004614	0.000743
7.506821	-0.005088	-0.000263
7.512865	-0.002201	-0.002137
7.518910	-0.001057	0.000088
7.524955	-0.001188	-0.000878
7.531000	-0.001810	0.000165
7.537045	0.001887	0.002607
7.543089	0.004002	0.004476
7.549134	0.002350	0.005416
7.555179	-0.003102	-0.000699
7.561224	-0.005172	-0.000644
7.567268	-0.002801	0.000372
7.573313	-0.003554	0.003124
7.579358	-0.001938	0.000801
7.585403	-0.001775	-0.000313
7.591448	0.001865	-0.001009
7.597492	0.002146	0.001810
7.603537	0.000447	-0.000232
7.609582	-0.002736	-0.001981
7.615627	-0.001169	-0.000104
7.621671	-0.000696	0.000805
7.627716	0.001495	-0.001145
7.633761	0.001183	-0.000571
7.639806	-0.001525	0.000179
7.645851	-0.004934	-0.002910
7.651895	-0.007010	-0.000147
7.657940	-0.002280	0.001169
7.663985	-0.000757	0.002934
7.670030	-0.002535	0.000264
7.676074	-0.004632	-0.002491
7.682119	-0.002997	-0.001662
7.688164	-0.000220	-0.003074
7.694209	0.003695	-0.003015
7.700254	0.002585	-0.000394
7.706298	0.002655	0.001627
7.712343	0.003996	0.002389
7.718388	0.001261	0.003447
7.724433	0.003318	0.006996
7.730477	0.003439	0.001606
7.736522	0.000000	0.000000
7.742567	0.000000	0.000000
7.748612	0.000000	0.000000
7.754657	0.000000	0.000000
7.760701	0.000000	0.000000
7.766746	0.000000	0.000000
7.772791	0.000000	0.000000
7.778836	0.000000	0.000000
7.784880	0.000000	0.000000
7.790925	0.000000	0.000000
7.796970	0.000000	0.000000
7.803015	0.000000	0.000000
7.809060	0.000000	0.000000
7.815104	0.000000	0.000000
7.821149	0.000000	0.000000
7.827194	0.000000	0.000000
7.833239	0.000000	0.000000
7.839283	0.000000	0.000000
7.845328	0.000000	0.000000
7.851373	0.000000	0.000000
7.857418	0.000000	0.000000
7.863463	0.000000	0.000000
7.869507	0.000000	0.000000
7.875552	0.000000	0.000000
7.881597	0.000000	0.000000
7.887642	0.000000	0.000000
7.893686	0.000000	0.000000
7.899731	0.000000	0.000000
7.905776	0.000000	0.000000
7.911821	0.000000	0.000000
7.917865	0.000000	0.000000
7.923910	0.000000	0.000000
7.929955	0.000000	0.000000
7.936000	0.000000	0.000000
7.942045	0.000000	0.000000
7.948089	0.000000	0.000000
7.954134	0.000000	0.000000
7.960179	0.000000	0.000000
7.966224	0.000000	0.000000
7.972268	0.000000	0.000000
7.978313	0.000000	0.000000
7.984358	0.000000	0.000000
7.990403	0.000000	0.000000
7.996448	0.000000	0.000000
8.002492	0.000000	0.000000
8.008537	0.000000	0.000000
8.014582	0.000000	0.000000
8.020627	0.000000	0.000000
8.026671	0.000000	0.000000
8.032716	0.000000	0.000000
8.038761	0.000000	0.000000
8.044806	0.000000	0.000000
8.050851	0.000000	0.000000
8.056895	0.000000	0.000000
8.062940	0.000000	0.000000
8.068985	0.000000	0.000000
8.075030	0.000000	0.000000
8.081074	0.000000	0.000000
8.087119	0.000000	0.000000
8.093164	0.000000	0.000000
8.099209	0.000000	0.000000
8.105254	0.000000	0.000000
8.111298	0.000000	0.000000
8.117343	0.000000	0.000000
8.123388	0.000000	0.000000
8.129433	0.000000	0.000000
8.135477	0.000000	0.000000
8.141522	0.000000	0.000000
8.147567	0.000000	0.000000
8.153612	0.000000	0.000000
8.159657	0.000000	0.000000
8.165701	0.000000	0.000000
8.171746	0.000000	0.000000
8.177791	0.000000	0.000000
8.183836	0.000000	0.000000
8.189880	0.000000	0.000000
8.195925	0.000000	0.000000
8.201970	0.000000	0.000000
8.208015	0.000000	0.000000
8.214060	0.000000	0.000000
8.220104	0.000000	0.000000
8.226149	0.000000	0.000000
8.232194	0.000000	0.000000
8.238239	0.000000	0.000000
8.244283	0.000000	0.000000
8.250328	0.000000	0.000000
8.256373	0.000000	0.000000
8.262418	0.000000	0.000000
8.268463	0.000000	0.000000
8.274507	0.000000	0.000000
8.280552	0.000000	0.000000
8.286597	0.000000	0.000000
8.292642	0.000000	0.000000
8.298686	0.000000	0.000000
8.304731	0.000000	0.000000
8.310776	0.000000	0.000000
8.316821	0.000000	0.000000
8.322866	0.000000	0.000000
8.328910	0.000000	0.000000
8.334955	0.000000	0.000000
8.341000	0.000000	0.000000
8.347045	0.000000	0.000000
8.353089	0.000000	0.000000
8.359134	0.000000	0.000000
8.365179	0.000000	0.000000
8.371224	0.000000	0.000000
8.377269	0.000000	0.000000
8.383313	0.000000	0.000000
8.389358	0.000000	0.000000
8.395403	0.000000	0.000000
8.401448	0.000000	0.000000
8.407492	0.000000	0.000000
8.413537	0.000000	0.000000
8.419582	0.000000	0.000000
8.425627	0.000000	0.000000
8.431672	0.000000	0.000000
8.437716	0.000000	0.000000
8.443761	0.000000	0.000000
8.449806	0.000000	0.000000
8.455851	0.000000	0.000000
8.461895	0.000000	0.000000
8.467940	0.000000	0.000000
8.473985	0.000000	0.000000
8.480030	0.000000	0.000000
8.486075	0.000000	0.000000
8.492119	0.000000	0.000000
8.498164	0.000000	0.000000
