#Solvent Differentials
#Q(Ang^(-1)   DS/DT     DS/Drho
0.005253	0.000000	0.000000
0.011297	0.000000	0.000000
0.017342	0.000000	0.000000
0.023387	0.000000	0.000000
0.029432	0.000000	0.000000
0.035477	0.000000	0.000000
0.041521	0.000000	0.000000
0.047566	0.000000	0.000000
0.053611	0.000000	0.000000
0.059656	0.000000	0.000000
0.065700	0.000000	0.000000
0.071745	0.000000	0.000000
0.077790	0.000000	0.000000
0.083835	0.000000	0.000000
0.089880	0.000000	0.000000
0.095924	0.000000	0.000000
0.101969	0.000000	0.000000
0.108014	0.000000	0.000000
0.114059	0.000000	0.000000
0.120103	0.000000	0.000000
0.126148	0.000000	0.000000
0.132193	0.000000	0.000000
0.138238	0.000000	0.000000
0.144283	0.000000	0.000000
0.150327	0.000000	0.000000
0.156372	0.000000	0.000000
0.162417	0.000000	0.000000
0.168462	0.000000	0.000000
0.174506	0.000000	0.000000
0.180551	0.000000	0.000000
0.186596	0.000000	0.000000
0.192641	0.000000	0.000000
0.198685	0.000000	0.000000
0.204730	0.000000	0.000000
0.210775	0.000000	0.000000
0.216820	0.000000	0.000000
0.222865	0.000000	0.000000
0.228909	0.000000	0.000000
0.234954	0.000000	0.000000
0.240999	0.000000	0.000000
0.247044	0.000000	0.000000
0.253088	0.000000	0.000000
0.259133	0.000000	0.000000
0.265178	0.000000	0.000000
0.271223	0.000000	0.000000
0.277268	0.000000	0.000000
0.283312	0.000000	0.000000
0.289357	0.000000	0.000000
0.295402	0.000000	0.000000
0.301447	0.000000	0.000000
0.307491	0.000000	0.000000
0.313536	0.000000	0.000000
0.319581	0.000000	0.000000
0.325626	0.000000	0.000000
0.331671	0.000000	0.000000
0.337715	0.000000	0.000000
0.343760	0.000000	0.000000
0.349805	0.000000	0.000000
0.355850	0.000000	0.000000
0.361894	0.000000	0.000000
0.367939	-0.008342	-0.114083
0.373984	0.005168	-0.098574
0.380029	0.001427	-0.063365
0.386074	0.004933	-0.088710
0.392118	0.001639	-0.083621
0.398163	0.003184	-0.099541
0.404208	0.007096	-0.062692
0.410253	0.009575	-0.078039
0.416297	0.006079	-0.036755
0.422342	0.008863	-0.025483
0.428387	-0.000695	-0.030238
0.434432	0.007489	-0.017406
0.440477	-0.007049	-0.046625
0.446521	-0.001615	-0.045559
0.452566	-0.001716	-0.040469
0.458611	0.002448	-0.041645
0.464656	0.009185	-0.038514
0.470700	0.007069	-0.027444
0.476745	0.007600	-0.035368
0.482790	0.010018	-0.028893
0.488835	0.013104	-0.013981
0.494880	0.003338	-0.057596
0.500924	0.004325	-0.036605
0.506969	0.006747	-0.050169
0.513014	0.007173	-0.032328
0.519059	0.004658	-0.069897
0.525103	0.005840	-0.053858
0.531148	0.009128	-0.057565
0.537193	0.010367	-0.042545
0.543238	0.010723	-0.034697
0.549283	0.008742	-0.038619
0.555327	0.002129	-0.025420
0.561372	0.003113	-0.050942
0.567417	-0.003637	-0.074635
0.573462	0.001713	-0.062521
0.579506	-0.000282	-0.064568
0.585551	0.004366	-0.045315
0.591596	0.003603	-0.076186
0.597641	0.008789	-0.050540
0.603686	0.009195	-0.055216
0.609730	0.009450	-0.049317
0.615775	0.006122	-0.056891
0.621820	0.004373	-0.055565
0.627865	0.008006	-0.057461
0.633909	0.005259	-0.050095
0.639954	0.005948	-0.041961
0.645999	0.008711	-0.057321
0.652044	0.004211	-0.036186
0.658089	0.008359	-0.061340
0.664133	0.004235	-0.059372
0.670178	0.004171	-0.059719
0.676223	0.004833	-0.064280
0.682268	0.003069	-0.072171
0.688312	0.006042	-0.064499
0.694357	0.007308	-0.062973
0.700402	0.005420	-0.069887
0.706447	0.007627	-0.057760
0.712492	0.008698	-0.050647
0.718536	0.006864	-0.049857
0.724581	0.009769	-0.054879
0.730626	0.010428	-0.052401
0.736671	0.009061	-0.065380
0.742715	0.006864	-0.073614
0.748760	0.012258	-0.058959
0.754805	0.009323	-0.064153
0.760850	0.012251	-0.070448
0.766895	0.014310	-0.048922
0.772939	0.013480	-0.058479
0.778984	0.013665	-0.049701
0.785029	0.015186	-0.039113
0.791074	0.014864	-0.054686
0.797118	0.012238	-0.041843
0.803163	0.011281	-0.058593
0.809208	0.007899	-0.057535
0.815253	0.009618	-0.050342
0.821298	0.008174	-0.048380
0.827342	0.005622	-0.046235
0.833387	0.005105	-0.052630
0.839432	0.004823	-0.049660
0.845477	0.004218	-0.088134
0.851521	0.002633	-0.069765
0.857566	0.005712	-0.073398
0.863611	0.002808	-0.066024
0.869656	0.007519	-0.056706
0.875701	0.003039	-0.040911
0.881745	-0.000077	-0.057331
0.887790	0.003973	-0.033997
0.893835	0.004436	-0.054408
0.899880	0.002391	-0.041006
0.905924	0.007513	-0.037811
0.911969	0.011176	-0.021291
0.918014	0.007664	-0.028316
0.924059	0.009867	-0.026216
0.930103	0.006270	-0.031965
0.936148	0.005974	-0.026961
0.942193	0.006085	-0.041300
0.948238	0.005256	-0.042944
0.954283	0.005283	-0.044582
0.960327	0.006482	-0.051395
0.966372	0.008114	-0.053716
0.972417	0.009054	-0.064187
0.978462	0.011331	-0.044929
0.984506	0.009857	-0.057505
0.990551	0.007838	-0.062840
0.996596	0.008846	-0.058202
1.002641	0.008161	-0.072089
1.008686	0.008449	-0.064285
1.014730	0.011220	-0.068855
1.020775	0.006811	-0.087897
1.026820	0.005901	-0.079525
1.032865	0.007556	-0.068054
1.038909	0.006653	-0.070997
1.044954	0.005582	-0.062569
1.050999	0.007664	-0.060003
1.057044	0.006555	-0.061140
1.063089	0.007106	-0.070161
1.069133	0.007781	-0.073198
1.075178	0.007764	-0.084703
1.081223	0.007731	-0.073895
1.087268	0.005296	-0.087902
1.093312	0.008675	-0.075515
1.099357	0.002750	-0.092368
1.105402	0.011663	-0.054734
1.111447	0.008698	-0.060642
1.117492	0.009766	-0.043199
1.123536	0.006666	-0.066008
1.129581	0.001320	-0.064806
1.135626	0.006377	-0.057317
1.141671	0.002018	-0.075058
1.147715	0.006451	-0.060324
1.153760	-0.000588	-0.075486
1.159805	0.001545	-0.074145
1.165850	0.002945	-0.073928
1.171895	0.004779	-0.079311
1.177939	0.004087	-0.062670
1.183984	0.001605	-0.064534
1.190029	0.000376	-0.064902
1.196074	0.000524	-0.073491
1.202118	-0.000359	-0.075386
1.208163	-0.000742	-0.081103
1.214208	0.001797	-0.080021
1.220253	0.000208	-0.087809
1.226298	0.001478	-0.084248
1.232342	0.001491	-0.076796
1.238387	0.003197	-0.084842
1.244432	0.001202	-0.081104
1.250477	-0.001562	-0.087340
1.256521	0.001229	-0.079342
1.262566	-0.001924	-0.073544
1.268611	-0.004299	-0.089159
1.274656	-0.001615	-0.083523
1.280701	-0.001216	-0.089025
1.286745	-0.002435	-0.086677
1.292790	0.000198	-0.078544
1.298835	0.000756	-0.079159
1.304880	0.001599	-0.081203
1.310924	0.001105	-0.071597
1.316969	0.000964	-0.076754
1.323014	-0.000272	-0.074897
1.329059	-0.003137	-0.075534
1.335104	0.000712	-0.056814
1.341148	0.001347	-0.075470
1.347193	0.001370	-0.063855
1.353238	-0.006854	-0.085139
1.359283	-0.006653	-0.066699
1.365327	-0.007324	-0.070448
1.371372	-0.008748	-0.072603
1.377417	-0.009662	-0.069745
1.383462	-0.011321	-0.075177
1.389507	-0.009793	-0.072026
1.395551	-0.010820	-0.067987
1.401596	-0.010579	-0.071415
1.407641	-0.011821	-0.093888
1.413686	-0.012694	-0.089347
1.419730	-0.013400	-0.087485
1.425775	-0.013591	-0.090606
1.431820	-0.008591	-0.079237
1.437865	-0.009188	-0.095464
1.443910	-0.010011	-0.092722
1.449954	-0.014028	-0.093063
1.455999	-0.017033	-0.101353
1.462044	-0.020630	-0.101906
1.468089	-0.017255	-0.093555
1.474133	-0.021298	-0.075652
1.480178	-0.020549	-0.082904
1.486223	-0.025422	-0.106054
1.492268	-0.022370	-0.100882
1.498313	-0.024804	-0.093197
1.504357	-0.022766	-0.089421
1.510402	-0.022219	-0.093516
1.516447	-0.025154	-0.105654
1.522492	-0.024946	-0.108716
1.528536	-0.025936	-0.078108
1.534581	-0.027347	-0.100222
1.540626	-0.030651	-0.108211
1.546671	-0.034738	-0.101620
1.552716	-0.036834	-0.104902
1.558760	-0.040602	-0.126104
1.564805	-0.040988	-0.113261
1.570850	-0.046412	-0.112707
1.576895	-0.044444	-0.109006
1.582939	-0.050939	-0.123320
1.588984	-0.047305	-0.101872
1.595029	-0.050506	-0.113314
1.601074	-0.050841	-0.110708
1.607118	-0.048618	-0.109991
1.613163	-0.047574	-0.116320
1.619208	-0.051432	-0.136915
1.625253	-0.049773	-0.109775
1.631298	-0.056732	-0.128452
1.637342	-0.058176	-0.111664
1.643387	-0.063385	-0.117238
1.649432	-0.070585	-0.159231
1.655477	-0.071330	-0.143875
1.661521	-0.073987	-0.152325
1.667566	-0.074830	-0.158862
1.673611	-0.077174	-0.143840
1.679656	-0.078987	-0.163583
1.685701	-0.079686	-0.145321
1.691745	-0.079662	-0.162786
1.697790	-0.082040	-0.136750
1.703835	-0.075988	-0.124718
1.709880	-0.075968	-0.095623
1.715924	-0.075965	-0.069212
1.721969	-0.079464	-0.065193
1.728014	-0.079280	-0.075245
1.734059	-0.084048	-0.092569
1.740104	-0.084099	-0.101052
1.746148	-0.086107	-0.117051
1.752193	-0.090879	-0.121327
1.758238	-0.096696	-0.136263
1.764283	-0.093656	-0.113467
1.770327	-0.093492	-0.093325
1.776372	-0.093364	-0.101166
1.782417	-0.089499	-0.093698
1.788462	-0.095127	-0.083106
1.794507	-0.091880	-0.067280
1.800551	-0.095205	-0.073805
1.806596	-0.088780	-0.063333
1.812641	-0.086537	-0.048030
1.818686	-0.086026	-0.054507
1.824730	-0.086893	-0.068496
1.830775	-0.089925	-0.061306
1.836820	-0.085304	-0.064030
1.842865	-0.087890	-0.055019
1.848910	-0.080754	-0.031376
1.854954	-0.082221	-0.043143
1.860999	-0.076821	-0.021830
1.867044	-0.081200	-0.019372
1.873089	-0.079337	-0.020037
1.879133	-0.076972	-0.009666
1.885178	-0.078107	-0.033684
1.891223	-0.070098	-0.012564
1.897268	-0.072234	-0.027778
1.903313	-0.064530	-0.006833
1.909357	-0.069151	-0.028280
1.915402	-0.066115	-0.017338
1.921447	-0.065487	-0.033689
1.927492	-0.059066	-0.014572
1.933536	-0.054143	0.004110
1.939581	-0.050321	0.021099
1.945626	-0.041055	0.036293
1.951671	-0.044202	0.033780
1.957716	-0.039722	0.032938
1.963760	-0.040995	0.043346
1.969805	-0.032512	0.045564
1.975850	-0.029483	0.053503
1.981895	-0.025265	0.040502
1.987939	-0.022504	0.066617
1.993984	-0.018602	0.033180
2.000029	-0.015512	0.058818
2.006074	-0.010253	0.056079
2.012119	-0.006277	0.052338
2.018163	-0.001249	0.072939
2.024208	0.007284	0.080986
2.030253	0.010837	0.092077
2.036298	0.011902	0.064183
2.042342	0.019529	0.094777
2.048387	0.017121	0.082756
2.054432	0.022934	0.067546
2.060477	0.025046	0.092852
2.066522	0.031346	0.090792
2.072566	0.031575	0.104065
2.078611	0.026641	0.062532
2.084656	0.027548	0.075438
2.090701	0.032774	0.074083
2.096745	0.037032	0.077956
2.102790	0.038936	0.078100
2.108835	0.041190	0.041614
2.114880	0.047261	0.065182
2.120925	0.050469	0.074320
2.126969	0.050361	0.049010
2.133014	0.049757	0.059497
2.139059	0.052561	0.057705
2.145104	0.059308	0.079158
2.151148	0.062159	0.080113
2.157193	0.065971	0.082117
2.163238	0.061773	0.070073
2.169283	0.060181	0.079210
2.175328	0.059640	0.075963
2.181372	0.062844	0.090853
2.187417	0.064060	0.098024
2.193462	0.065615	0.103461
2.199507	0.065077	0.101867
2.205551	0.072049	0.088904
2.211596	0.070968	0.071779
2.217641	0.076620	0.089870
2.223686	0.078007	0.079027
2.229731	0.072012	0.059380
2.235775	0.076643	0.087262
2.241820	0.075485	0.097220
2.247865	0.077960	0.108936
2.253910	0.076207	0.096517
2.259954	0.075931	0.087027
2.265999	0.079078	0.093053
2.272044	0.075743	0.074260
2.278089	0.075767	0.067108
2.284134	0.075585	0.059902
2.290178	0.075438	0.067681
2.296223	0.073413	0.060105
2.302268	0.074816	0.067028
2.308313	0.073268	0.049672
2.314357	0.075465	0.046512
2.320402	0.074427	0.045912
2.326447	0.077842	0.043677
2.332492	0.079353	0.051516
2.338536	0.076993	0.060135
2.344581	0.076825	0.059380
2.350626	0.076757	0.059574
2.356671	0.077372	0.056683
2.362716	0.076680	0.051235
2.368760	0.077775	0.039724
2.374805	0.078934	0.060786
2.380850	0.072916	0.046193
2.386895	0.071891	0.054365
2.392939	0.066699	0.040320
2.398984	0.066716	0.036918
2.405029	0.068331	0.021964
2.411074	0.066857	0.012455
2.417119	0.067855	0.025960
2.423163	0.065913	0.025564
2.429208	0.063412	0.019093
2.435253	0.062397	0.021892
2.441298	0.059872	0.013404
2.447342	0.058918	0.009685
2.453387	0.060416	0.028061
2.459432	0.061551	0.040527
2.465477	0.057917	0.042772
2.471522	0.058767	0.025806
2.477566	0.054693	0.011849
2.483611	0.055721	0.014722
2.489656	0.054307	0.016778
2.495701	0.053491	0.024351
2.501745	0.056416	0.039319
2.507790	0.052034	0.031177
2.513835	0.055301	0.040026
2.519880	0.051735	0.013267
2.525925	0.055241	0.030097
2.531969	0.054549	0.025189
2.538014	0.053414	0.030489
2.544059	0.049884	0.043790
2.550104	0.052514	0.053735
2.556148	0.047537	0.026728
2.562193	0.047493	0.024330
2.568238	0.043386	0.017542
2.574283	0.044477	0.014198
2.580328	0.043786	0.012723
2.586372	0.042006	0.011222
2.592417	0.039638	0.012753
2.598462	0.039356	0.015961
2.604507	0.039557	0.003985
2.610551	0.037348	0.001536
2.616596	0.038140	-0.003064
2.622641	0.036491	-0.001759
2.628686	0.033005	-0.006131
2.634731	0.033691	0.007549
2.640775	0.033183	0.008178
2.646820	0.031051	0.014879
2.652865	0.029923	0.007195
2.658910	0.030735	0.005900
2.664954	0.026030	-0.011920
2.670999	0.025328	-0.005894
2.677044	0.022907	-0.010700
2.683089	0.021614	-0.006123
2.689134	0.020983	-0.009207
2.695178	0.018393	0.003428
2.701223	0.016580	0.006505
2.707268	0.014347	0.004232
2.713313	0.015267	0.022032
2.719357	0.013782	0.020564
2.725402	0.010847	0.030435
2.731447	0.008668	0.016654
2.737492	0.004876	0.011852
2.743537	0.002270	0.016271
2.749581	0.002619	0.006608
2.755626	0.002791	0.001403
2.761671	0.000554	0.009825
2.767716	0.001374	-0.007775
2.773760	0.001095	0.002504
2.779805	0.000947	-0.005720
2.785850	-0.003516	-0.008630
2.791895	-0.004362	-0.007650
2.797940	-0.010898	-0.009377
2.803984	-0.010968	-0.011646
2.810029	-0.015116	-0.013554
2.816074	-0.019079	-0.026849
2.822119	-0.021221	-0.026473
2.828163	-0.025882	-0.024812
2.834208	-0.026615	-0.029702
2.840253	-0.025285	-0.016324
2.846298	-0.026578	-0.026144
2.852343	-0.026154	-0.012880
2.858387	-0.026776	-0.007224
2.864432	-0.024882	-0.017218
2.870477	-0.027367	-0.011342
2.876522	-0.029002	-0.009386
2.882566	-0.029382	-0.002201
2.888611	-0.034758	-0.002046
2.894656	-0.036233	-0.002147
2.900701	-0.037307	0.010285
2.906746	-0.036599	-0.007230
2.912790	-0.037633	-0.009849
2.918835	-0.036898	0.001302
2.924880	-0.040995	0.000408
2.930925	-0.041905	0.008685
2.936969	-0.042560	0.013914
2.943014	-0.042986	0.006784
2.949059	-0.045629	0.009902
2.955104	-0.047896	0.000893
2.961149	-0.047916	0.006519
2.967193	-0.049945	0.004602
2.973238	-0.050328	0.001299
2.979283	-0.050086	0.002988
2.985328	-0.048648	0.003362
2.991372	-0.050543	0.000754
2.997417	-0.051456	-0.003078
3.003462	-0.048632	-0.002440
3.009507	-0.051688	-0.001208
3.015551	-0.050774	-0.022944
3.021596	-0.051379	-0.025616
3.027641	-0.049098	-0.008201
3.033686	-0.050895	-0.025672
3.039731	-0.051977	-0.027652
3.045775	-0.051621	-0.030069
3.051820	-0.053028	-0.021339
3.057865	-0.051990	-0.031513
3.063910	-0.051778	-0.017031
3.069954	-0.049475	-0.015603
3.075999	-0.050129	-0.011757
3.082044	-0.045727	-0.007986
3.088089	-0.044649	0.004737
3.094134	-0.044665	0.006517
3.100178	-0.042012	0.007975
3.106223	-0.040951	0.010116
3.112268	-0.043567	0.003936
3.118313	-0.044461	-0.001851
3.124357	-0.043235	-0.004328
3.130402	-0.042761	-0.009818
3.136447	-0.040864	-0.014011
3.142492	-0.040548	-0.011183
3.148537	-0.039198	-0.016048
3.154581	-0.038194	-0.011919
3.160626	-0.036461	-0.001739
3.166671	-0.035890	-0.010762
3.172716	-0.035014	-0.004258
3.178760	-0.030671	0.011720
3.184805	-0.033385	-0.006881
3.190850	-0.031991	0.002426
3.196895	-0.034866	-0.012227
3.202940	-0.032626	-0.019107
3.208984	-0.031125	-0.008105
3.215029	-0.024986	0.009913
3.221074	-0.026322	0.007246
3.227119	-0.025023	0.009280
3.233163	-0.023847	0.004756
3.239208	-0.022978	0.010084
3.245253	-0.020264	0.012349
3.251298	-0.020842	0.012108
3.257343	-0.020462	0.006781
3.263387	-0.020754	0.003856
3.269432	-0.020435	0.000757
3.275477	-0.017648	-0.001939
3.281522	-0.017604	-0.005644
3.287566	-0.015069	-0.006675
3.293611	-0.013917	0.002930
3.299656	-0.013259	0.004136
3.305701	-0.012439	0.008530
3.311746	-0.012533	0.003068
3.317790	-0.013084	0.004430
3.323835	-0.013215	-0.005321
3.329880	-0.010770	-0.008954
3.335925	-0.011996	-0.018698
3.341969	-0.008916	-0.011715
3.348014	-0.007738	-0.010487
3.354059	-0.005924	-0.005269
3.360104	-0.003600	-0.001474
3.366149	-0.004497	0.001192
3.372193	-0.003258	0.007360
3.378238	-0.003368	0.004886
3.384283	-0.001619	0.007311
3.390328	-0.002710	0.004901
3.396372	-0.003096	0.007495
3.402417	-0.004292	0.002262
3.408462	-0.000819	-0.001119
3.414507	-0.000568	0.001697
3.420552	0.000107	0.002490
3.426596	0.001370	0.018445
3.432641	0.001343	0.012980
3.438686	0.002583	0.010170
3.444731	0.002670	-0.001260
3.450775	0.002240	-0.001064
3.456820	0.003214	0.004100
3.462865	0.001458	0.004298
3.468910	0.000366	-0.001448
3.474955	0.001498	0.008173
3.480999	0.001998	-0.003023
3.487044	0.000104	-0.002357
3.493089	0.003429	0.002182
3.499134	0.001421	-0.000611
3.505178	0.001128	0.006205
3.511223	0.001595	0.004355
3.517268	0.004184	0.007929
3.523313	0.002579	0.002637
3.529358	0.004040	-0.000772
3.535402	0.004463	-0.003463
3.541447	0.004661	-0.001979
3.547492	0.003147	0.002339
3.553537	0.003516	0.008423
3.559581	0.004023	-0.002503
3.565626	0.005904	-0.005282
3.571671	0.007610	-0.001600
3.577716	0.007304	0.002260
3.583761	0.006774	0.000904
3.589805	0.008057	0.003129
3.595850	0.007845	0.005714
3.601895	0.008188	0.006873
3.607940	0.007865	0.011100
3.613984	0.008886	0.009603
3.620029	0.008255	0.004359
3.626074	0.008722	0.011741
3.632119	0.009336	0.008326
3.638164	0.008910	0.006948
3.644208	0.007452	0.001776
3.650253	0.007382	-0.001430
3.656298	0.006696	-0.000808
3.662343	0.008950	0.003768
3.668387	0.009198	0.009429
3.674432	0.009806	0.009923
3.680477	0.007845	0.006063
3.686522	0.008292	0.005692
3.692567	0.007422	0.010709
3.698611	0.007234	0.004028
3.704656	0.007586	0.001531
3.710701	0.007160	-0.001435
3.716746	0.007593	-0.008719
3.722790	0.008795	-0.007316
3.728835	0.009917	-0.005926
3.734880	0.011344	-0.010096
3.740925	0.011133	-0.004683
3.746969	0.010468	0.004821
3.753014	0.008879	0.001372
3.759059	0.008016	-0.009725
3.765104	0.006226	-0.012433
3.771149	0.007254	-0.015551
3.777193	0.007667	-0.002970
3.783238	0.006529	-0.005265
3.789283	0.008268	-0.005177
3.795328	0.009883	-0.005781
3.801372	0.009051	-0.007647
3.807417	0.008594	-0.003620
3.813462	0.008010	-0.007659
3.819507	0.007516	-0.006919
3.825552	0.007734	-0.000478
3.831596	0.006925	-0.002552
3.837641	0.006740	-0.001827
3.843686	0.006189	-0.003246
3.849731	0.005776	-0.015510
3.855775	0.005414	-0.009532
3.861820	0.004668	-0.006444
3.867865	0.006636	-0.004619
3.873910	0.008319	-0.004067
3.879955	0.007120	-0.006502
3.885999	0.008332	-0.001890
3.892044	0.008738	0.010945
3.898089	0.007429	0.011471
3.904134	0.006777	0.008023
3.910178	0.009323	0.010932
3.916223	0.008406	0.012599
3.922268	0.007660	0.010554
3.928313	0.010085	0.012675
3.934358	0.009679	0.007991
3.940402	0.010491	0.009301
3.946447	0.007664	-0.000093
3.952492	0.008510	-0.007080
3.958537	0.007926	-0.002776
3.964581	0.006968	-0.009657
3.970626	0.008957	-0.003526
3.976671	0.009390	0.003683
3.982716	0.008372	0.001874
3.988761	0.006253	0.003298
3.994805	0.004718	0.011367
4.000850	0.006179	0.012486
4.006895	0.006085	0.018291
4.012940	0.006357	0.011413
4.018984	0.005964	0.000166
4.025029	0.006253	0.004061
4.031074	0.007449	0.005352
4.037119	0.007929	0.003024
4.043164	0.008392	0.001968
4.049208	0.007136	-0.000560
4.055253	0.008198	0.002184
4.061298	0.008732	-0.002959
4.067343	0.006885	-0.005156
4.073387	0.006042	-0.005480
4.079432	0.005511	-0.002847
4.085477	0.006126	0.009390
4.091522	0.007482	0.015584
4.097567	0.006868	0.008782
4.103611	0.010189	0.017755
4.109656	0.009803	0.016169
4.115701	0.007539	0.017361
4.121746	0.005712	0.007758
4.127790	0.007633	0.006296
4.133835	0.006948	0.005393
4.139880	0.006646	0.003326
4.145925	0.007324	0.001322
4.151970	0.006354	0.006328
4.158014	0.004849	0.005099
4.164059	0.005642	0.014897
4.170104	0.004836	0.012044
4.176149	0.005659	0.012687
4.182193	0.004957	0.005905
4.188238	0.005555	0.005509
4.194283	0.007214	0.003504
4.200328	0.006908	0.004727
4.206373	0.004698	0.006791
4.212417	0.005639	0.006395
4.218462	0.004168	0.001860
4.224507	0.005091	0.008647
4.230552	0.003852	0.006499
4.236596	0.003442	0.007012
4.242641	0.003338	0.008527
4.248686	0.002445	0.002358
4.254731	0.003180	0.005166
4.260776	0.003970	0.000757
4.266820	0.002455	-0.007495
4.272865	0.002989	-0.006361
4.278910	0.001965	0.001841
4.284955	0.002388	0.002567
4.290999	0.004074	0.006632
4.297044	0.005027	0.009333
4.303089	0.004094	0.006551
4.309134	0.003798	0.001401
4.315179	0.003607	-0.011239
4.321223	0.004514	-0.001383
4.327268	0.004111	-0.007164
4.333313	0.003741	-0.010212
4.339358	0.002750	-0.008701
4.345402	0.003701	-0.011959
4.351447	0.003553	-0.003863
4.357492	0.003617	-0.005153
4.363537	0.002186	-0.002778
4.369582	0.002841	-0.001825
4.375626	0.001968	-0.011205
4.381671	0.001931	-0.007501
4.387716	0.003452	-0.000060
4.393761	0.004433	0.011254
4.399805	0.003103	0.010192
4.405850	0.002697	0.016727
4.411895	0.003600	0.016555
4.417940	0.003378	0.017806
4.423984	0.003012	0.012341
4.430029	0.003056	0.008414
4.436074	0.003899	0.009246
4.442119	0.003483	0.004007
4.448164	0.000668	0.003018
4.454208	-0.000054	-0.000331
4.460253	-0.000403	0.005153
4.466298	-0.001182	0.005032
4.472343	-0.000557	0.001092
4.478387	-0.000201	0.002060
4.484432	-0.000645	0.001462
4.490477	-0.001424	-0.003219
4.496522	-0.000081	-0.007910
4.502567	-0.000336	-0.016876
4.508611	-0.001159	-0.016724
4.514656	0.001169	0.001754
4.520701	0.001437	-0.002359
4.526746	0.002304	0.001221
4.532790	0.000427	-0.000402
4.538835	-0.001135	-0.002153
4.544880	0.000343	0.003574
4.550925	-0.000709	0.002276
4.556970	-0.002398	-0.004823
4.563014	-0.002761	-0.005187
4.569059	-0.001726	-0.012882
4.575104	-0.000175	-0.006380
4.581149	0.001659	0.003859
4.587193	0.000017	-0.003004
4.593238	-0.000020	-0.006800
4.599283	0.001629	0.000221
4.605328	0.001118	0.004060
4.611373	0.003190	0.011395
4.617417	0.002791	0.005535
4.623462	-0.000326	-0.000921
4.629507	-0.000967	-0.004068
4.635552	0.000413	-0.001165
4.641596	-0.002079	-0.002853
4.647641	-0.001447	-0.000532
4.653686	-0.002069	-0.004856
4.659731	-0.002270	0.004498
4.665776	-0.001820	0.002998
4.671820	-0.001780	0.002726
4.677865	-0.002169	-0.002149
4.683910	-0.002831	-0.007329
4.689955	-0.004799	-0.003831
4.695999	-0.002871	0.004735
4.702044	-0.001646	0.008774
4.708089	-0.000940	0.008580
4.714134	0.000044	0.013410
4.720179	0.000094	0.008306
4.726223	-0.001112	0.011338
4.732268	-0.001434	0.010416
4.738313	-0.002787	0.006049
4.744358	-0.002633	0.001449
4.750402	-0.002942	0.000813
4.756447	-0.001968	0.005246
4.762492	-0.001189	0.010611
4.768537	-0.002237	0.002415
4.774582	-0.001491	0.003761
4.780626	0.000393	0.008530
4.786671	-0.002374	-0.000264
4.792716	-0.004876	-0.001745
4.798761	-0.004282	0.002151
4.804805	-0.005189	-0.000442
4.810850	-0.004524	0.005341
4.816895	-0.002838	0.001634
4.822940	-0.002143	-0.002675
4.828985	-0.002028	0.005599
4.835029	-0.001753	0.004981
4.841074	-0.003372	0.003870
4.847119	-0.003728	0.001440
4.853164	-0.003684	-0.003314
4.859208	-0.002462	-0.000260
4.865253	-0.002012	0.002785
4.871298	-0.003137	0.004748
4.877343	-0.002801	0.004016
4.883388	-0.001719	0.010049
4.889432	-0.001091	0.010987
4.895477	-0.001065	0.009095
4.901522	-0.001824	0.008640
4.907567	-0.000658	0.010123
4.913611	-0.000588	0.016731
4.919656	-0.000272	0.016318
4.925701	-0.002169	0.007211
4.931746	-0.003113	-0.000132
4.937791	-0.002381	0.000944
4.943835	-0.003755	0.003237
4.949880	-0.002828	0.004764
4.955925	-0.003288	0.000687
4.961970	-0.003499	-0.001893
4.968014	-0.001844	0.002395
4.974059	-0.003039	-0.003044
4.980104	-0.002468	-0.004725
4.986149	-0.004124	-0.006836
4.992194	-0.003724	-0.002215
4.998238	-0.003630	0.002977
5.004283	-0.003684	0.009113
5.010328	-0.004319	0.000532
5.016373	-0.004302	-0.000661
5.022417	-0.003506	-0.003942
5.028462	-0.002153	0.004175
5.034507	-0.003459	-0.000258
5.040552	-0.003892	0.001512
5.046597	-0.002576	0.006261
5.052641	-0.003358	0.007206
5.058686	-0.005142	0.002702
5.064731	-0.005780	0.006484
5.070776	-0.004628	0.004138
5.076820	-0.003237	0.001892
5.082865	-0.002270	-0.001588
5.088910	-0.003681	-0.003648
5.094955	-0.004823	-0.009058
5.100999	-0.005743	-0.008313
5.107044	-0.004493	-0.008041
5.113089	-0.001471	-0.000197
5.119134	-0.000322	0.002924
5.125179	-0.000954	0.000556
5.131223	-0.002082	-0.004378
5.137268	-0.003610	-0.005765
5.143313	-0.001662	-0.002651
5.149358	-0.002502	-0.002196
5.155402	-0.002747	0.001026
5.161447	-0.002089	0.003870
5.167492	-0.000285	0.008278
5.173537	-0.001417	0.012815
5.179582	-0.002287	-0.000872
5.185626	-0.003174	-0.002608
5.191671	-0.001914	0.001604
5.197716	-0.002881	0.003845
5.203761	-0.003311	0.008125
5.209805	-0.003657	0.009303
5.215850	-0.002327	0.011366
5.221895	-0.001340	0.013097
5.227940	0.000017	0.015239
5.233985	0.000181	0.012624
5.240029	-0.001001	0.004118
5.246074	-0.001498	0.005429
5.252119	-0.003261	0.005342
5.258164	-0.004906	0.002706
5.264208	-0.005427	0.001031
5.270253	-0.004124	0.001730
5.276298	-0.003227	0.000891
5.282343	-0.001370	0.007155
5.288388	-0.001998	0.007393
5.294432	-0.002250	0.011887
5.300477	-0.002703	0.008016
5.306522	-0.004235	0.003404
5.312567	-0.004127	0.004876
5.318611	-0.002878	0.003321
5.324656	-0.002227	-0.001098
5.330701	-0.002045	-0.001694
5.336746	-0.000383	0.003960
5.342791	-0.001518	0.010738
5.348835	-0.001713	0.011161
5.354880	-0.001780	0.010100
5.360925	-0.001263	0.005354
5.366970	-0.000793	-0.005602
5.373014	-0.000332	-0.000174
5.379059	-0.002028	0.000816
5.385104	-0.001511	0.002808
5.391149	-0.002737	0.000501
5.397194	-0.002270	0.000923
5.403238	-0.000900	0.007291
5.409283	-0.000484	0.004712
5.415328	-0.001229	0.002047
5.421373	-0.002566	-0.000016
5.427417	-0.002025	0.003358
5.433462	-0.001266	-0.001288
5.439507	-0.000994	0.001193
5.445552	-0.001884	0.005290
5.451597	-0.002015	0.009396
5.457641	-0.002925	0.003641
5.463686	-0.001330	0.007010
5.469731	-0.001649	0.007074
5.475776	-0.000971	0.008232
5.481820	-0.001098	0.008445
5.487865	-0.001018	0.006391
5.493910	-0.001498	-0.002071
5.499955	-0.002317	-0.005781
5.506000	-0.003197	-0.003242
5.512044	-0.003980	0.001913
5.518089	-0.004980	-0.003551
5.524134	-0.004114	-0.004977
5.530179	-0.001407	0.000340
5.536223	0.000688	-0.003038
5.542268	0.000158	-0.000342
5.548313	0.000024	-0.003656
5.554358	-0.001464	-0.005076
5.560403	-0.002421	-0.010988
5.566447	-0.002183	-0.008171
5.572492	-0.002428	-0.008938
5.578537	-0.001928	-0.008851
5.584582	-0.002096	-0.015438
5.590626	-0.002270	-0.005799
5.596671	-0.001327	-0.001937
5.602716	-0.001505	-0.003517
5.608761	-0.002405	-0.007525
5.614806	-0.002583	-0.009423
5.620850	-0.000806	-0.004966
5.626895	-0.000383	0.001227
5.632940	0.000154	0.002646
5.638985	-0.001431	-0.009988
5.645029	0.000262	-0.004717
5.651074	-0.000759	-0.002791
5.657119	-0.001743	-0.005333
5.663164	-0.001239	0.002969
5.669209	0.000205	0.002278
5.675253	-0.000994	-0.003336
5.681298	-0.001609	-0.003210
5.687343	-0.000843	0.002854
5.693388	0.000719	0.007386
5.699432	0.000900	0.008870
5.705477	0.000443	0.002489
5.711522	0.000339	0.004639
5.717567	-0.000262	0.003906
5.723612	-0.000238	0.001855
5.729656	-0.000107	0.011256
5.735701	-0.000749	0.018058
5.741746	-0.001444	0.017107
5.747791	-0.000940	0.012887
5.753835	0.000682	0.006815
5.759880	0.001887	0.012429
5.765925	0.000672	0.009231
5.771970	-0.001575	-0.001988
5.778015	-0.000712	-0.005145
5.784059	0.000568	-0.003858
5.790104	0.001505	-0.001139
5.796149	0.002139	-0.003411
5.802194	0.002096	0.001613
5.808238	0.002166	0.002245
5.814283	0.002566	-0.000747
5.820328	0.002489	-0.001204
5.826373	0.001696	-0.000259
5.832417	0.001763	-0.000008
5.838462	0.001565	-0.001603
5.844507	0.000981	0.001255
5.850552	0.001293	-0.001923
5.856597	-0.000282	-0.012667
5.862641	-0.001323	-0.013601
5.868686	-0.001021	-0.007307
5.874731	0.000195	-0.000502
5.880776	0.001730	0.005603
5.886820	0.002529	0.007979
5.892865	0.000866	0.002833
5.898910	0.000299	0.001908
5.904955	-0.000168	0.002996
5.911000	0.001975	0.012726
5.917044	0.004779	0.016338
5.923089	0.004148	0.011792
5.929134	0.003264	0.011487
5.935179	0.002203	0.004881
5.941223	0.002834	0.004722
5.947268	0.001256	-0.002462
5.953313	0.000104	-0.015769
5.959358	0.000262	-0.017636
5.965403	-0.001619	-0.021611
5.971447	-0.002129	-0.019361
5.977492	-0.002277	-0.012187
5.983537	-0.002811	-0.008808
5.989582	-0.001894	-0.006263
5.995626	0.000836	0.002549
6.001671	0.001058	0.005970
6.007716	-0.000729	0.003024
6.013761	-0.002257	0.000986
6.019806	-0.000544	-0.000927
6.025850	0.001286	-0.001685
6.031895	-0.000883	-0.004167
6.037940	-0.000638	0.004370
6.043985	-0.001370	0.006488
6.050029	-0.000796	-0.000040
6.056074	-0.000158	-0.005459
6.062119	0.003217	0.005434
6.068164	0.003271	0.008435
6.074209	0.001840	-0.001283
6.080253	0.000480	-0.005935
6.086298	0.000081	-0.000894
6.092343	0.001212	0.009570
6.098388	0.000772	0.001773
6.104432	-0.000306	-0.001479
6.110477	-0.000477	-0.001518
6.116522	0.000917	0.001448
6.122567	0.002875	0.000573
6.128612	0.002885	-0.001827
6.134656	0.000306	-0.010901
6.140701	-0.000598	-0.010713
6.146746	-0.000067	-0.013552
6.152791	-0.000692	-0.012091
6.158835	0.000144	-0.006793
6.164880	0.000917	0.002497
6.170925	0.000568	-0.002205
6.176970	-0.000003	-0.006944
6.183015	-0.000269	-0.008536
6.189059	-0.000265	-0.013367
6.195104	0.001541	-0.007609
6.201149	0.002928	-0.007185
6.207194	0.003006	0.002314
6.213238	0.002452	0.011733
6.219283	0.001820	0.012162
6.225328	0.001189	0.008554
6.231373	0.001028	0.003922
6.237418	0.000413	-0.001832
6.243462	0.001995	-0.005422
6.249507	0.002693	-0.001055
6.255552	0.001347	-0.001576
6.261597	-0.000890	-0.005041
6.267641	-0.000249	-0.005295
6.273686	0.000997	0.003208
6.279731	0.001434	0.002424
6.285776	0.002260	-0.002845
6.291821	0.001884	-0.006497
6.297865	0.001011	-0.007503
6.303910	0.001619	-0.005753
6.309955	0.001562	-0.002238
6.316000	0.002714	0.001868
6.322044	0.002069	-0.002804
6.328089	0.001172	-0.007002
6.334134	0.001659	-0.007487
6.340179	0.001820	-0.007336
6.346224	0.001293	-0.008518
6.352268	0.001599	0.001256
6.358313	0.000168	0.000993
6.364358	0.000500	0.008064
6.370403	0.001417	0.011117
6.376447	0.000322	0.004052
6.382492	0.000554	-0.003921
6.388537	-0.000067	-0.005606
6.394582	0.000416	-0.002261
6.400627	0.000272	-0.001317
6.406671	-0.000094	-0.004636
6.412716	-0.000682	-0.008897
6.418761	-0.001165	-0.010256
6.424806	-0.000148	-0.004887
6.430850	0.000900	0.000861
6.436895	0.001602	0.003639
6.442940	0.001011	0.008245
6.448985	0.000662	0.006864
6.455030	-0.000806	0.001534
6.461074	-0.001132	-0.000294
6.467119	-0.002008	-0.007846
6.473164	0.000756	-0.004614
6.479209	0.000746	0.001330
6.485253	0.001501	0.012956
6.491298	0.000819	0.007810
6.497343	0.001273	-0.001859
6.503388	0.001290	-0.003957
6.509432	0.000950	0.001780
6.515477	-0.000235	0.000568
6.521522	0.000870	0.009015
6.527567	0.001018	0.014077
6.533612	0.000688	0.011058
6.539656	0.002294	0.002111
6.545701	0.003026	-0.004027
6.551746	0.001162	-0.013930
6.557791	0.000588	-0.019400
6.563835	-0.000406	-0.017667
6.569880	0.001605	-0.003305
6.575925	0.002378	0.002202
6.581970	0.001699	-0.001848
6.588015	-0.000343	-0.010153
6.594059	-0.001034	-0.009118
6.600104	0.000836	-0.007113
6.606149	-0.000534	-0.005186
6.612194	0.001269	-0.000683
6.618238	0.001468	0.001850
6.624283	0.002122	0.000483
6.630328	0.002693	0.010434
6.636373	0.001283	0.004863
6.642418	0.000913	0.010491
6.648462	0.000249	-0.000425
6.654507	0.001478	-0.001090
6.660552	0.001968	-0.000368
6.666597	0.002586	-0.001193
6.672641	0.000413	-0.003199
6.678686	0.002052	-0.000054
6.684731	0.002744	-0.003012
6.690776	0.000299	-0.007023
6.696821	-0.001498	-0.003295
6.702865	-0.001300	0.003036
6.708910	-0.000692	-0.000395
6.714955	-0.002918	-0.007944
6.721000	-0.000715	-0.005415
6.727044	-0.000816	-0.001835
6.733089	0.000188	0.001866
6.739134	0.000735	0.002331
6.745179	-0.000571	0.002730
6.751224	-0.001978	-0.005210
6.757268	0.000991	0.000634
6.763313	0.001699	0.008386
6.769358	0.000762	0.007018
6.775403	0.001491	0.006998
6.781447	0.002096	0.005951
6.787492	-0.000212	-0.002119
6.793537	0.000510	0.006681
6.799582	-0.000433	0.009238
6.805627	-0.000591	0.013235
6.811671	-0.000947	0.008008
6.817716	-0.001572	-0.000637
6.823761	-0.001256	0.000920
6.829806	0.001830	0.010318
6.835850	0.002203	0.015766
6.841895	-0.000017	0.004339
6.847940	-0.002227	-0.000398
6.853985	-0.000890	0.002698
6.860030	0.000470	0.006413
6.866074	0.000547	0.008220
6.872119	-0.000040	0.005739
6.878164	-0.001367	-0.003587
6.884209	-0.000450	-0.006350
6.890253	0.000366	-0.004436
6.896298	-0.001461	-0.005712
6.902343	-0.003086	-0.009398
6.908388	-0.003298	-0.008783
6.914433	-0.001686	-0.002173
6.920477	-0.000168	-0.003678
6.926522	-0.001280	-0.004434
6.932567	-0.002394	-0.007319
6.938612	-0.001350	0.003070
6.944656	-0.001861	-0.005454
6.950701	-0.001498	-0.006330
6.956746	-0.000252	-0.006153
6.962791	0.002875	0.002543
6.968836	0.001404	0.002521
6.974880	0.000762	-0.000785
6.980925	0.000329	-0.001796
6.986970	0.000060	0.000490
6.993015	-0.001075	0.001960
6.999059	-0.002213	-0.006247
7.005104	-0.002539	-0.007168
7.011149	-0.001528	-0.003881
7.017194	-0.001998	-0.003000
7.023239	0.000349	-0.001575
7.029283	-0.000262	-0.000511
7.035328	-0.000893	0.001919
7.041373	-0.001065	0.009858
7.047418	-0.002059	0.006792
7.053462	-0.003550	0.002130
7.059507	-0.002314	0.001878
7.065552	0.000729	0.011866
7.071597	0.000477	0.010973
7.077642	0.000312	0.007612
7.083686	-0.001169	0.004984
7.089731	-0.000272	0.017303
7.095776	0.001172	0.010446
7.101821	0.001464	0.012307
7.107865	0.001394	0.009084
7.113910	0.000477	0.008462
7.119955	-0.000652	0.012586
7.126000	-0.001830	0.001918
7.132045	-0.001639	-0.001905
7.138089	-0.002206	-0.000749
7.144134	-0.003355	-0.000597
7.150179	-0.002996	0.001308
7.156224	-0.000860	-0.002945
7.162268	0.001196	-0.005542
7.168313	0.000635	-0.004576
7.174358	-0.000396	-0.012296
7.180403	-0.001216	-0.012176
7.186448	-0.000118	-0.003792
7.192492	0.000366	0.007260
7.198537	0.000450	0.002933
7.204582	-0.002139	-0.001197
7.210627	-0.001535	-0.000862
7.216671	-0.000467	0.001167
7.222716	-0.001588	-0.000938
7.228761	-0.002038	-0.002394
7.234806	-0.000913	0.005051
7.240850	-0.001612	0.008788
7.246895	0.001196	0.014942
7.252940	0.001018	0.012170
7.258985	0.000101	0.003141
7.265030	-0.000981	0.002051
7.271074	0.000376	0.010660
7.277119	0.000198	0.009096
7.283164	-0.000400	0.004040
7.289209	-0.000893	0.004557
7.295253	-0.002559	-0.005626
7.301298	-0.001568	0.000793
7.307343	-0.000732	0.001673
7.313388	0.000460	0.004856
7.319433	0.000020	0.002224
7.325477	0.000917	0.007503
7.331522	0.000725	-0.000815
7.337567	0.000967	-0.001192
7.343612	0.001088	0.006477
7.349656	-0.001810	0.007002
7.355701	-0.003909	0.001068
7.361746	-0.002868	0.001715
7.367791	0.000359	-0.004976
7.373836	0.001236	-0.003080
7.379880	0.000749	0.001981
7.385925	0.000269	0.003673
7.391970	0.000413	0.001902
7.398015	-0.000474	-0.001550
7.404059	-0.001313	0.004213
7.410104	-0.002848	-0.003975
7.416149	-0.002233	0.001350
7.422194	-0.003976	-0.011372
7.428239	-0.001887	-0.012588
7.434283	-0.001256	-0.005373
7.440328	-0.001545	-0.001227
7.446373	-0.002898	-0.000762
7.452418	-0.000705	0.000003
7.458462	-0.003483	-0.001083
7.464507	-0.001357	0.007933
7.470552	0.001944	0.017050
7.476597	0.002452	0.011575
7.482642	0.002616	0.012838
7.488686	-0.001199	0.000965
7.494731	-0.003147	-0.011254
7.500776	-0.002989	-0.019573
7.506821	-0.000437	-0.015583
7.512865	0.000420	-0.008840
7.518910	0.001236	-0.000601
7.524955	-0.001058	-0.007385
7.531000	-0.001431	-0.007605
7.537045	-0.000336	0.000064
7.543089	-0.001505	-0.001117
7.549134	-0.001219	0.005892
7.555179	0.000796	0.015248
7.561224	0.000494	0.014897
7.567268	-0.002069	0.005553
7.573313	-0.003855	-0.008756
7.579358	-0.005155	-0.017209
7.585403	-0.006072	-0.014717
7.591448	-0.001978	0.005962
7.597492	-0.001505	0.002490
7.603537	0.000238	-0.004922
7.609582	0.000960	0.001621
7.615627	0.000047	0.008150
7.621671	-0.000625	-0.004689
7.627716	0.002475	0.007473
7.633761	0.004601	0.009545
7.639806	0.000749	0.004285
7.645851	-0.001981	-0.012949
7.651895	-0.001273	-0.015034
7.657940	0.000306	0.000382
7.663985	0.000514	0.008619
7.670030	-0.000101	0.002706
7.676074	-0.002106	-0.007873
7.682119	0.002166	0.007870
7.688164	0.002599	0.015747
7.694209	0.000568	-0.002857
7.700254	0.002898	-0.003449
7.706298	0.004359	0.001882
7.712343	0.004369	-0.005603
7.718388	0.001881	0.002195
7.724433	-0.000171	0.000485
7.730477	0.001034	0.017508
7.736522	0.000000	0.000000
7.742567	0.000000	0.000000
7.748612	0.000000	0.000000
7.754657	0.000000	0.000000
7.760701	0.000000	0.000000
7.766746	0.000000	0.000000
7.772791	0.000000	0.000000
7.778836	0.000000	0.000000
7.784880	0.000000	0.000000
7.790925	0.000000	0.000000
7.796970	0.000000	0.000000
7.803015	0.000000	0.000000
7.809060	0.000000	0.000000
7.815104	0.000000	0.000000
7.821149	0.000000	0.000000
7.827194	0.000000	0.000000
7.833239	0.000000	0.000000
7.839283	0.000000	0.000000
7.845328	0.000000	0.000000
7.851373	0.000000	0.000000
7.857418	0.000000	0.000000
7.863463	0.000000	0.000000
7.869507	0.000000	0.000000
7.875552	0.000000	0.000000
7.881597	0.000000	0.000000
7.887642	0.000000	0.000000
7.893686	0.000000	0.000000
7.899731	0.000000	0.000000
7.905776	0.000000	0.000000
7.911821	0.000000	0.000000
7.917865	0.000000	0.000000
7.923910	0.000000	0.000000
7.929955	0.000000	0.000000
7.936000	0.000000	0.000000
7.942045	0.000000	0.000000
7.948089	0.000000	0.000000
7.954134	0.000000	0.000000
7.960179	0.000000	0.000000
7.966224	0.000000	0.000000
7.972268	0.000000	0.000000
7.978313	0.000000	0.000000
7.984358	0.000000	0.000000
7.990403	0.000000	0.000000
7.996448	0.000000	0.000000
8.002492	0.000000	0.000000
8.008537	0.000000	0.000000
8.014582	0.000000	0.000000
8.020627	0.000000	0.000000
8.026671	0.000000	0.000000
8.032716	0.000000	0.000000
8.038761	0.000000	0.000000
8.044806	0.000000	0.000000
8.050851	0.000000	0.000000
8.056895	0.000000	0.000000
8.062940	0.000000	0.000000
8.068985	0.000000	0.000000
8.075030	0.000000	0.000000
8.081074	0.000000	0.000000
8.087119	0.000000	0.000000
8.093164	0.000000	0.000000
8.099209	0.000000	0.000000
8.105254	0.000000	0.000000
8.111298	0.000000	0.000000
8.117343	0.000000	0.000000
8.123388	0.000000	0.000000
8.129433	0.000000	0.000000
8.135477	0.000000	0.000000
8.141522	0.000000	0.000000
8.147567	0.000000	0.000000
8.153612	0.000000	0.000000
8.159657	0.000000	0.000000
8.165701	0.000000	0.000000
8.171746	0.000000	0.000000
8.177791	0.000000	0.000000
8.183836	0.000000	0.000000
8.189880	0.000000	0.000000
8.195925	0.000000	0.000000
8.201970	0.000000	0.000000
8.208015	0.000000	0.000000
8.214060	0.000000	0.000000
8.220104	0.000000	0.000000
8.226149	0.000000	0.000000
8.232194	0.000000	0.000000
8.238239	0.000000	0.000000
8.244283	0.000000	0.000000
8.250328	0.000000	0.000000
8.256373	0.000000	0.000000
8.262418	0.000000	0.000000
8.268463	0.000000	0.000000
8.274507	0.000000	0.000000
8.280552	0.000000	0.000000
8.286597	0.000000	0.000000
8.292642	0.000000	0.000000
8.298686	0.000000	0.000000
8.304731	0.000000	0.000000
8.310776	0.000000	0.000000
8.316821	0.000000	0.000000
8.322866	0.000000	0.000000
8.328910	0.000000	0.000000
8.334955	0.000000	0.000000
8.341000	0.000000	0.000000
8.347045	0.000000	0.000000
8.353089	0.000000	0.000000
8.359134	0.000000	0.000000
8.365179	0.000000	0.000000
8.371224	0.000000	0.000000
8.377269	0.000000	0.000000
8.383313	0.000000	0.000000
8.389358	0.000000	0.000000
8.395403	0.000000	0.000000
8.401448	0.000000	0.000000
8.407492	0.000000	0.000000
8.413537	0.000000	0.000000
8.419582	0.000000	0.000000
8.425627	0.000000	0.000000
8.431672	0.000000	0.000000
8.437716	0.000000	0.000000
8.443761	0.000000	0.000000
8.449806	0.000000	0.000000
8.455851	0.000000	0.000000
8.461895	0.000000	0.000000
8.467940	0.000000	0.000000
8.473985	0.000000	0.000000
8.480030	0.000000	0.000000
8.486075	0.000000	0.000000
8.492119	0.000000	0.000000
8.498164	0.000000	0.000000
