#Solvent Differentials
#Q(Ang^(-1)   DS/DT     DS/Drho
0.005253	0.000000	0.000000
0.011297	0.000000	0.000000
0.017342	0.000000	0.000000
0.023387	0.000000	0.000000
0.029432	0.000000	0.000000
0.035477	0.000000	0.000000
0.041521	0.000000	0.000000
0.047566	0.000000	0.000000
0.053611	0.000000	0.000000
0.059656	0.000000	0.000000
0.065700	0.000000	0.000000
0.071745	0.000000	0.000000
0.077790	0.000000	0.000000
0.083835	0.000000	0.000000
0.089880	0.000000	0.000000
0.095924	0.000000	0.000000
0.101969	0.000000	0.000000
0.108014	0.000000	0.000000
0.114059	0.000000	0.000000
0.120103	0.000000	0.000000
0.126148	0.000000	0.000000
0.132193	0.000000	0.000000
0.138238	0.000000	0.000000
0.144283	0.000000	0.000000
0.150327	0.000000	0.000000
0.156372	0.000000	0.000000
0.162417	0.000000	0.000000
0.168462	0.000000	0.000000
0.174506	0.000000	0.000000
0.180551	0.000000	0.000000
0.186596	0.000000	0.000000
0.192641	0.000000	0.000000
0.198685	0.000000	0.000000
0.204730	0.000000	0.000000
0.210775	0.000000	0.000000
0.216820	0.000000	0.000000
0.222865	0.000000	0.000000
0.228909	0.000000	0.000000
0.234954	0.000000	0.000000
0.240999	0.000000	0.000000
0.247044	0.000000	0.000000
0.253088	0.000000	0.000000
0.259133	0.000000	0.000000
0.265178	0.000000	0.000000
0.271223	0.000000	0.000000
0.277268	0.000000	0.000000
0.283312	0.000000	0.000000
0.289357	0.000000	0.000000
0.295402	0.000000	0.000000
0.301447	0.000000	0.000000
0.307491	0.000000	0.000000
0.313536	0.000000	0.000000
0.319581	0.000000	0.000000
0.325626	0.000000	0.000000
0.331671	0.000000	0.000000
0.337715	0.000000	0.000000
0.343760	0.000000	0.000000
0.349805	0.000000	0.000000
0.355850	0.000000	0.000000
0.361894	0.000000	0.000000
0.367939	-0.017397	-0.299246
0.373984	-0.023026	-0.308618
0.380029	-0.015382	-0.305842
0.386074	-0.023178	-0.323611
0.392118	-0.017497	-0.323049
0.398163	-0.012528	-0.322509
0.404208	-0.019474	-0.325549
0.410253	-0.010562	-0.326393
0.416297	-0.019808	-0.316915
0.422342	-0.017710	-0.316012
0.428387	-0.014601	-0.313393
0.434432	-0.023131	-0.311154
0.440477	-0.017163	-0.308288
0.446521	-0.023273	-0.307112
0.452566	-0.021728	-0.304101
0.458611	-0.020947	-0.312530
0.464656	-0.017921	-0.309180
0.470700	-0.015509	-0.312645
0.476745	-0.006729	-0.306168
0.482790	-0.011921	-0.308542
0.488835	-0.008127	-0.301362
0.494880	-0.005359	-0.304585
0.500924	-0.009444	-0.301581
0.506969	-0.009746	-0.302475
0.513014	-0.007052	-0.299314
0.519059	-0.011679	-0.302570
0.525103	-0.011554	-0.301765
0.531148	-0.008637	-0.307821
0.537193	-0.011572	-0.309060
0.543238	-0.005484	-0.304292
0.549283	-0.007920	-0.306087
0.555327	-0.001223	-0.301150
0.561372	-0.007161	-0.306836
0.567417	-0.005207	-0.304853
0.573462	-0.007559	-0.306127
0.579506	-0.007669	-0.311175
0.585551	-0.011197	-0.308691
0.591596	-0.012385	-0.313147
0.597641	-0.012602	-0.309010
0.603686	-0.012943	-0.309302
0.609730	-0.005870	-0.298450
0.615775	-0.007747	-0.297453
0.621820	-0.004071	-0.301385
0.627865	-0.006043	-0.297302
0.633909	-0.005257	-0.304012
0.639954	-0.011877	-0.302243
0.645999	-0.014508	-0.300680
0.652044	-0.011787	-0.301543
0.658089	-0.010349	-0.299977
0.664133	-0.009963	-0.298000
0.670178	-0.011183	-0.297622
0.676223	-0.009756	-0.300241
0.682268	-0.011401	-0.304740
0.688312	-0.009533	-0.294285
0.694357	-0.014694	-0.304676
0.700402	-0.004741	-0.292827
0.706447	-0.002488	-0.294081
0.712492	-0.003004	-0.289843
0.718536	-0.004056	-0.290536
0.724581	-0.000531	-0.293927
0.730626	-0.000308	-0.293386
0.736671	0.003736	-0.291169
0.742715	0.000256	-0.294421
0.748760	0.001148	-0.292979
0.754805	-0.002102	-0.299743
0.760850	-0.005720	-0.299083
0.766895	-0.005759	-0.303285
0.772939	-0.006635	-0.301257
0.778984	-0.001761	-0.300869
0.785029	-0.001015	-0.300097
0.791074	0.002473	-0.304024
0.797118	-0.001537	-0.305611
0.803163	0.000360	-0.302711
0.809208	-0.001020	-0.303866
0.815253	0.001304	-0.300799
0.821298	0.002162	-0.305243
0.827342	0.005660	-0.298204
0.833387	0.002126	-0.299365
0.839432	0.006202	-0.302018
0.845477	0.009219	-0.301680
0.851521	0.009213	-0.303435
0.857566	0.006516	-0.304280
0.863611	0.012670	-0.303573
0.869656	0.016140	-0.304716
0.875701	0.013014	-0.302411
0.881745	0.012907	-0.307609
0.887790	0.008090	-0.304502
0.893835	0.009031	-0.301038
0.899880	0.007802	-0.297042
0.905924	0.007560	-0.307036
0.911969	0.008181	-0.308818
0.918014	0.006437	-0.309789
0.924059	0.011484	-0.305313
0.930103	0.012755	-0.308423
0.936148	0.012196	-0.305308
0.942193	0.014192	-0.311701
0.948238	0.015804	-0.304070
0.954283	0.015044	-0.310779
0.960327	0.016689	-0.303397
0.966372	0.016157	-0.309769
0.972417	0.013333	-0.306448
0.978462	0.014403	-0.306883
0.984506	0.015223	-0.309111
0.990551	0.014026	-0.307490
0.996596	0.017645	-0.309507
1.002641	0.022355	-0.309003
1.008686	0.017900	-0.314321
1.014730	0.017752	-0.319429
1.020775	0.018943	-0.318926
1.026820	0.019663	-0.319839
1.032865	0.019336	-0.321712
1.038909	0.019842	-0.322652
1.044954	0.017317	-0.319728
1.050999	0.020729	-0.319631
1.057044	0.019069	-0.322148
1.063089	0.020560	-0.324659
1.069133	0.015159	-0.322050
1.075178	0.022436	-0.326397
1.081223	0.016745	-0.326234
1.087268	0.026813	-0.322131
1.093312	0.020371	-0.322055
1.099357	0.025439	-0.330658
1.105402	0.018134	-0.336897
1.111447	0.017884	-0.334788
1.117492	0.019521	-0.340374
1.123536	0.019722	-0.335293
1.129581	0.020252	-0.334891
1.135626	0.023985	-0.329569
1.141671	0.023085	-0.337851
1.147715	0.022899	-0.335260
1.153760	0.022249	-0.338291
1.159805	0.021946	-0.341267
1.165850	0.023579	-0.342138
1.171895	0.022581	-0.341108
1.177939	0.022751	-0.343073
1.183984	0.027375	-0.340224
1.190029	0.029419	-0.342416
1.196074	0.034181	-0.339329
1.202118	0.033923	-0.338151
1.208163	0.032155	-0.343145
1.214208	0.030376	-0.341687
1.220253	0.029481	-0.344140
1.226298	0.030215	-0.344577
1.232342	0.034860	-0.342836
1.238387	0.035865	-0.341895
1.244432	0.037359	-0.344755
1.250477	0.033971	-0.346518
1.256521	0.034921	-0.353914
1.262566	0.032792	-0.347145
1.268611	0.031743	-0.353787
1.274656	0.029564	-0.353035
1.280701	0.031561	-0.353634
1.286745	0.034194	-0.358232
1.292790	0.038706	-0.359196
1.298835	0.037055	-0.363731
1.304880	0.041578	-0.366602
1.310924	0.042800	-0.371851
1.316969	0.046456	-0.372447
1.323014	0.045935	-0.369998
1.329059	0.041221	-0.372347
1.335104	0.043518	-0.371626
1.341148	0.041201	-0.366884
1.347193	0.041279	-0.367348
1.353238	0.038601	-0.371249
1.359283	0.041311	-0.364783
1.365327	0.040197	-0.366852
1.371372	0.038289	-0.370072
1.377417	0.038478	-0.372925
1.383462	0.035021	-0.370431
1.389507	0.038789	-0.365431
1.395551	0.032746	-0.369055
1.401596	0.040185	-0.358130
1.407641	0.035952	-0.363977
1.413686	0.038179	-0.360976
1.419730	0.033972	-0.359264
1.425775	0.035485	-0.362435
1.431820	0.030204	-0.357346
1.437865	0.028299	-0.355148
1.443910	0.025997	-0.346658
1.449954	0.024773	-0.342985
1.455999	0.022875	-0.336551
1.462044	0.020584	-0.329046
1.468089	0.020174	-0.326299
1.474133	0.014803	-0.320255
1.480178	0.018767	-0.314377
1.486223	0.016545	-0.303517
1.492268	0.014236	-0.294680
1.498313	0.011736	-0.290591
1.504357	0.011180	-0.282052
1.510402	0.004423	-0.271529
1.516447	0.005859	-0.255261
1.522492	0.002821	-0.244921
1.528536	-0.000066	-0.231942
1.534581	-0.002742	-0.221801
1.540626	-0.005468	-0.210638
1.546671	-0.008491	-0.203528
1.552716	-0.008507	-0.183698
1.558760	-0.013559	-0.177677
1.564805	-0.014894	-0.160157
1.570850	-0.013711	-0.154385
1.576895	-0.016680	-0.141533
1.582939	-0.016162	-0.128192
1.588984	-0.015718	-0.119287
1.595029	-0.016775	-0.104286
1.601074	-0.019980	-0.094731
1.607118	-0.028958	-0.087148
1.613163	-0.032620	-0.077922
1.619208	-0.031495	-0.069777
1.625253	-0.034810	-0.050903
1.631298	-0.033411	-0.045071
1.637342	-0.032366	-0.035645
1.643387	-0.032696	-0.021426
1.649432	-0.034767	-0.010244
1.655477	-0.037004	0.000629
1.661521	-0.041011	0.008961
1.667566	-0.039522	0.021294
1.673611	-0.039990	0.023279
1.679656	-0.041366	0.031178
1.685701	-0.035535	0.038531
1.691745	-0.040398	0.047079
1.697790	-0.042841	0.051669
1.703835	-0.041603	0.055984
1.709880	-0.043175	0.065672
1.715924	-0.042969	0.071362
1.721969	-0.045125	0.078432
1.728014	-0.043185	0.088008
1.734059	-0.045340	0.093328
1.740104	-0.043706	0.097983
1.746148	-0.048893	0.104726
1.752193	-0.042916	0.117459
1.758238	-0.046855	0.118448
1.764283	-0.044119	0.132779
1.770327	-0.049924	0.136316
1.776372	-0.047203	0.144689
1.782417	-0.047934	0.146815
1.788462	-0.043394	0.150810
1.794507	-0.045604	0.162812
1.800551	-0.047990	0.157589
1.806596	-0.046274	0.162839
1.812641	-0.050985	0.162731
1.818686	-0.052563	0.163768
1.824730	-0.050578	0.165729
1.830775	-0.050572	0.174805
1.836820	-0.049967	0.171984
1.842865	-0.051692	0.179907
1.848910	-0.050772	0.180220
1.854954	-0.056410	0.183964
1.860999	-0.050463	0.184937
1.867044	-0.056913	0.184634
1.873089	-0.058208	0.190281
1.879133	-0.057415	0.185504
1.885178	-0.061399	0.181000
1.891223	-0.059789	0.188283
1.897268	-0.054706	0.190160
1.903313	-0.052896	0.189005
1.909357	-0.051379	0.191844
1.915402	-0.049787	0.190900
1.921447	-0.052025	0.186589
1.927492	-0.048686	0.193179
1.933536	-0.046536	0.186361
1.939581	-0.041746	0.194583
1.945626	-0.044267	0.189561
1.951671	-0.039978	0.194741
1.957716	-0.040248	0.197403
1.963760	-0.039970	0.188152
1.969805	-0.040832	0.183999
1.975850	-0.038661	0.187378
1.981895	-0.037360	0.181398
1.987939	-0.039859	0.183097
1.993984	-0.034528	0.177729
2.000029	-0.030875	0.181209
2.006074	-0.030076	0.176229
2.012119	-0.028304	0.178274
2.018163	-0.027542	0.172149
2.024208	-0.027063	0.167441
2.030253	-0.024885	0.164052
2.036298	-0.026013	0.163766
2.042342	-0.022593	0.158005
2.048387	-0.017934	0.153125
2.054432	-0.018661	0.146184
2.060477	-0.015792	0.139286
2.066522	-0.017598	0.140671
2.072566	-0.014793	0.142359
2.078611	-0.014486	0.139852
2.084656	-0.013447	0.137440
2.090701	-0.012372	0.130869
2.096745	-0.015656	0.125758
2.102790	-0.013074	0.121554
2.108835	-0.011298	0.113703
2.114880	-0.009510	0.114998
2.120925	-0.007145	0.110990
2.126969	-0.004993	0.111925
2.133014	-0.002235	0.106304
2.139059	-0.003079	0.101022
2.145104	-0.001625	0.093727
2.151148	-0.001146	0.092419
2.157193	-0.001778	0.089357
2.163238	0.002761	0.089427
2.169283	-0.002330	0.082892
2.175328	0.003485	0.081123
2.181372	0.003339	0.080262
2.187417	0.005569	0.075933
2.193462	0.004010	0.069784
2.199507	0.004267	0.065284
2.205551	0.004780	0.061267
2.211596	0.005522	0.058701
2.217641	0.008803	0.055943
2.223686	0.007025	0.058165
2.229731	0.007490	0.053602
2.235775	0.007434	0.049251
2.241820	0.009758	0.045106
2.247865	0.012232	0.040909
2.253910	0.010972	0.039401
2.259954	0.012009	0.034687
2.265999	0.010449	0.035832
2.272044	0.012630	0.035580
2.278089	0.011420	0.028600
2.284134	0.014063	0.027927
2.290178	0.011131	0.024545
2.296223	0.014711	0.018929
2.302268	0.011127	0.019892
2.308313	0.013822	0.017615
2.314357	0.014639	0.014773
2.320402	0.015246	0.015142
2.326447	0.018351	0.013814
2.332492	0.017789	0.012994
2.338536	0.015893	0.010002
2.344581	0.016480	0.010039
2.350626	0.016105	0.006660
2.356671	0.017704	0.003783
2.362716	0.017994	0.002852
2.368760	0.019074	0.002766
2.374805	0.020029	0.004102
2.380850	0.021296	-0.002040
2.386895	0.018413	0.001401
2.392939	0.019612	-0.005034
2.398984	0.019158	-0.006064
2.405029	0.019223	-0.007341
2.411074	0.018625	-0.008122
2.417119	0.018297	-0.008073
2.423163	0.018546	-0.010394
2.429208	0.019066	-0.010887
2.435253	0.018970	-0.011686
2.441298	0.019792	-0.010039
2.447342	0.021533	-0.013092
2.453387	0.020215	-0.011746
2.459432	0.021176	-0.012511
2.465477	0.019364	-0.013824
2.471522	0.016704	-0.014414
2.477566	0.018475	-0.016256
2.483611	0.015865	-0.019341
2.489656	0.014900	-0.021275
2.495701	0.015947	-0.023502
2.501745	0.015874	-0.024641
2.507790	0.016583	-0.023973
2.513835	0.018967	-0.025584
2.519880	0.019782	-0.022853
2.525925	0.019247	-0.027467
2.531969	0.021301	-0.023499
2.538014	0.020746	-0.023677
2.544059	0.021710	-0.024200
2.550104	0.019916	-0.023357
2.556148	0.016800	-0.026654
2.562193	0.016325	-0.025384
2.568238	0.016367	-0.024889
2.574283	0.016304	-0.026005
2.580328	0.016347	-0.025171
2.586372	0.018469	-0.022863
2.592417	0.017004	-0.026274
2.598462	0.015011	-0.025854
2.604507	0.015426	-0.028174
2.610551	0.013560	-0.029563
2.616596	0.014855	-0.029132
2.622641	0.016944	-0.030886
2.628686	0.014633	-0.029192
2.634731	0.012709	-0.031500
2.640775	0.013014	-0.029282
2.646820	0.013325	-0.028592
2.652865	0.013531	-0.027561
2.658910	0.011855	-0.029841
2.664954	0.014532	-0.026639
2.670999	0.012980	-0.025547
2.677044	0.012880	-0.024964
2.683089	0.010864	-0.027487
2.689134	0.011031	-0.026866
2.695178	0.012537	-0.025992
2.701223	0.012450	-0.029753
2.707268	0.012928	-0.028119
2.713313	0.014530	-0.027374
2.719357	0.013615	-0.027738
2.725402	0.015332	-0.027578
2.731447	0.012933	-0.028422
2.737492	0.013663	-0.027427
2.743537	0.013896	-0.028318
2.749581	0.013539	-0.029569
2.755626	0.012809	-0.029644
2.761671	0.012386	-0.031435
2.767716	0.010997	-0.029903
2.773760	0.010000	-0.029809
2.779805	0.009857	-0.029020
2.785850	0.010488	-0.032010
2.791895	0.008942	-0.030917
2.797940	0.010799	-0.031170
2.803984	0.008068	-0.029802
2.810029	0.008490	-0.027478
2.816074	0.007943	-0.025281
2.822119	0.007584	-0.025937
2.828163	0.006807	-0.027018
2.834208	0.008992	-0.028045
2.840253	0.007973	-0.027156
2.846298	0.009209	-0.026610
2.852343	0.007405	-0.027560
2.858387	0.006356	-0.025120
2.864432	0.007301	-0.025470
2.870477	0.006647	-0.026772
2.876522	0.006434	-0.027840
2.882566	0.007126	-0.026413
2.888611	0.007935	-0.025118
2.894656	0.007863	-0.025735
2.900701	0.008423	-0.023822
2.906746	0.007721	-0.024276
2.912790	0.007750	-0.025912
2.918835	0.006612	-0.024315
2.924880	0.006095	-0.026014
2.930925	0.006389	-0.024719
2.936969	0.005191	-0.025583
2.943014	0.003884	-0.024223
2.949059	0.005937	-0.023042
2.955104	0.005611	-0.024951
2.961149	0.004694	-0.023288
2.967193	0.003649	-0.024128
2.973238	0.004588	-0.023106
2.979283	0.002133	-0.022350
2.985328	0.002308	-0.023354
2.991372	0.001837	-0.022238
2.997417	0.001952	-0.023588
3.003462	0.002735	-0.021481
3.009507	0.002190	-0.024162
3.015551	0.002700	-0.023627
3.021596	0.003163	-0.024861
3.027641	0.002034	-0.024493
3.033686	0.000833	-0.025083
3.039731	0.002219	-0.024106
3.045775	0.000063	-0.021729
3.051820	-0.000773	-0.022998
3.057865	-0.000678	-0.019898
3.063910	-0.000198	-0.021404
3.069954	0.000747	-0.022254
3.075999	0.001410	-0.022807
3.082044	0.001756	-0.022010
3.088089	0.000024	-0.021784
3.094134	0.000567	-0.020768
3.100178	0.000364	-0.020332
3.106223	0.000578	-0.020284
3.112268	0.002398	-0.018286
3.118313	-0.000102	-0.019905
3.124357	-0.001255	-0.021241
3.130402	-0.001562	-0.019371
3.136447	-0.000937	-0.018940
3.142492	-0.002615	-0.018826
3.148537	-0.001121	-0.018470
3.154581	-0.001434	-0.017044
3.160626	-0.001526	-0.019985
3.166671	0.001555	-0.017673
3.172716	0.001280	-0.017723
3.178760	0.000049	-0.015879
3.184805	-0.001450	-0.018012
3.190850	-0.002366	-0.018330
3.196895	-0.002682	-0.018245
3.202940	-0.002283	-0.016726
3.208984	-0.002388	-0.016253
3.215029	-0.001280	-0.017554
3.221074	-0.003644	-0.016920
3.227119	-0.004954	-0.016711
3.233163	-0.004962	-0.018226
3.239208	-0.004470	-0.017060
3.245253	-0.004889	-0.016256
3.251298	-0.004199	-0.017687
3.257343	-0.004899	-0.015851
3.263387	-0.003417	-0.013121
3.269432	-0.006379	-0.013412
3.275477	-0.004225	-0.013755
3.281522	-0.005903	-0.013640
3.287566	-0.004151	-0.012854
3.293611	-0.005087	-0.013528
3.299656	-0.004025	-0.012263
3.305701	-0.003197	-0.013858
3.311746	-0.002677	-0.011522
3.317790	-0.004210	-0.011455
3.323835	-0.003188	-0.009310
3.329880	-0.006443	-0.010255
3.335925	-0.005408	-0.007745
3.341969	-0.004820	-0.007519
3.348014	-0.004112	-0.007829
3.354059	-0.004835	-0.007846
3.360104	-0.004335	-0.006409
3.366149	-0.004824	-0.007177
3.372193	-0.004107	-0.006984
3.378238	-0.004350	-0.007147
3.384283	-0.005703	-0.007175
3.390328	-0.005256	-0.005989
3.396372	-0.006332	-0.006392
3.402417	-0.006737	-0.006547
3.408462	-0.006507	-0.005632
3.414507	-0.006493	-0.004316
3.420552	-0.006207	-0.005216
3.426596	-0.005421	-0.003544
3.432641	-0.004727	-0.004041
3.438686	-0.005246	-0.001880
3.444731	-0.004581	-0.000973
3.450775	-0.005269	-0.001719
3.456820	-0.005760	-0.000639
3.462865	-0.005095	0.000436
3.468910	-0.005344	-0.000452
3.474955	-0.006472	-0.000623
3.480999	-0.005465	-0.002021
3.487044	-0.005898	-0.000674
3.493089	-0.005861	0.000192
3.499134	-0.006187	-0.000140
3.505178	-0.004184	0.000845
3.511223	-0.003820	0.001452
3.517268	-0.004637	0.003464
3.523313	-0.005800	0.002886
3.529358	-0.006191	0.002957
3.535402	-0.005205	0.003797
3.541447	-0.005722	0.003511
3.547492	-0.005299	0.004911
3.553537	-0.004749	0.004323
3.559581	-0.007846	0.003371
3.565626	-0.006914	0.002899
3.571671	-0.008899	0.002815
3.577716	-0.007366	0.003374
3.583761	-0.006003	0.004187
3.589805	-0.005401	0.003670
3.595850	-0.006075	0.002386
3.601895	-0.006057	0.002739
3.607940	-0.007297	0.001784
3.613984	-0.005612	0.002851
3.620029	-0.006836	0.002643
3.626074	-0.006090	0.003590
3.632119	-0.006840	0.006386
3.638164	-0.007101	0.005728
3.644208	-0.005966	0.006802
3.650253	-0.007982	0.004001
3.656298	-0.006986	0.005379
3.662343	-0.008032	0.003106
3.668387	-0.008196	0.005789
3.674432	-0.008530	0.003305
3.680477	-0.006913	0.005765
3.686522	-0.005248	0.006608
3.692567	-0.007468	0.004952
3.698611	-0.006636	0.006098
3.704656	-0.005549	0.004430
3.710701	-0.004907	0.004300
3.716746	-0.005213	0.005321
3.722790	-0.004696	0.005859
3.728835	-0.004229	0.008002
3.734880	-0.004368	0.006872
3.740925	-0.005083	0.006813
3.746969	-0.005702	0.005619
3.753014	-0.004854	0.005854
3.759059	-0.005925	0.004929
3.765104	-0.005557	0.005462
3.771149	-0.004123	0.007672
3.777193	-0.003048	0.007047
3.783238	-0.001542	0.008444
3.789283	-0.001620	0.008796
3.795328	-0.001379	0.009039
3.801372	-0.002510	0.006845
3.807417	-0.003463	0.006093
3.813462	-0.002938	0.006106
3.819507	-0.003974	0.003216
3.825552	-0.003652	0.004720
3.831596	-0.002431	0.005932
3.837641	-0.002002	0.007262
3.843686	-0.001471	0.005817
3.849731	-0.000505	0.006144
3.855775	0.000090	0.004882
3.861820	-0.001130	0.002935
3.867865	-0.000632	0.003859
3.873910	-0.002713	0.002960
3.879955	-0.003333	0.001798
3.885999	-0.002652	0.004375
3.892044	-0.002560	0.004188
3.898089	-0.002500	0.004410
3.904134	-0.001069	0.005388
3.910178	-0.000943	0.007710
3.916223	-0.001711	0.006128
3.922268	-0.001085	0.007814
3.928313	-0.000589	0.007988
3.934358	-0.000316	0.005751
3.940402	0.000477	0.005256
3.946447	-0.000143	0.003540
3.952492	-0.000670	0.002470
3.958537	-0.001607	0.001641
3.964581	-0.001330	0.004143
3.970626	-0.001249	0.004362
3.976671	-0.000469	0.003847
3.982716	-0.000545	0.004257
3.988761	0.000779	0.004955
3.994805	0.000833	0.004903
4.000850	-0.000718	0.003431
4.006895	0.000737	0.002831
4.012940	-0.000821	0.003474
4.018984	-0.000996	0.003504
4.025029	-0.000855	0.003426
4.031074	0.000367	0.002347
4.037119	0.000454	0.001146
4.043164	0.000883	0.001848
4.049208	0.002156	0.002406
4.055253	0.002479	0.000968
4.061298	0.002265	0.002319
4.067343	0.001632	0.005668
4.073387	0.000678	0.003407
4.079432	-0.000211	0.004702
4.085477	0.001571	0.003789
4.091522	0.000834	0.003288
4.097567	0.001736	0.002828
4.103611	0.001849	0.002303
4.109656	0.000816	0.001515
4.115701	-0.000135	0.003032
4.121746	-0.000739	0.003220
4.127790	0.000026	0.003355
4.133835	-0.000274	0.002516
4.139880	0.001490	0.001981
4.145925	0.001906	0.002361
4.151970	0.002808	0.001396
4.158014	0.002894	0.002246
4.164059	0.002458	0.001158
4.170104	0.002604	0.000351
4.176149	0.002118	0.001032
4.182193	0.001626	0.000738
4.188238	0.001150	-0.000188
4.194283	0.000758	-0.000051
4.200328	0.000045	0.000894
4.206373	0.000213	0.000126
4.212417	0.000978	0.000647
4.218462	0.002106	0.000671
4.224507	0.001425	0.001367
4.230552	0.001513	0.001109
4.236596	0.001810	0.000390
4.242641	0.001561	0.000828
4.248686	0.002648	0.001542
4.254731	0.001781	0.001126
4.260776	0.001410	0.000407
4.266820	0.000769	0.000331
4.272865	0.001989	0.001263
4.278910	0.002822	0.002956
4.284955	0.002655	0.001333
4.290999	0.002470	0.000890
4.297044	0.001448	0.000859
4.303089	0.001039	-0.000012
4.309134	0.001121	0.000413
4.315179	0.001046	-0.000852
4.321223	0.002237	-0.000852
4.327268	0.002396	-0.001270
4.333313	0.002907	0.000001
4.339358	0.002810	0.000618
4.345402	0.003485	0.001759
4.351447	0.002866	0.002945
4.357492	0.002366	0.001997
4.363537	0.002985	0.002637
4.369582	0.003052	0.000062
4.375626	0.003082	-0.000837
4.381671	0.003208	-0.001694
4.387716	0.003265	-0.000709
4.393761	0.001215	-0.001533
4.399805	0.001976	-0.001818
4.405850	0.002380	-0.002513
4.411895	0.002818	-0.002734
4.417940	0.003430	-0.002089
4.423984	0.004506	-0.001730
4.430029	0.003684	-0.000757
4.436074	0.003197	0.000110
4.442119	0.002477	-0.000391
4.448164	0.002958	-0.000621
4.454208	0.002771	-0.001239
4.460253	0.001507	-0.001661
4.466298	0.001890	-0.001339
4.472343	0.002080	-0.001388
4.478387	0.002633	-0.002749
4.484432	0.002406	-0.002659
4.490477	0.002120	-0.001757
4.496522	0.001811	-0.002061
4.502567	0.001355	-0.001679
4.508611	0.001031	-0.001762
4.514656	0.001257	-0.002322
4.520701	0.001739	-0.003210
4.526746	0.002346	-0.002048
4.532790	0.001270	-0.001515
4.538835	0.002064	-0.002357
4.544880	-0.001064	-0.000752
4.550925	0.000258	-0.001427
4.556970	0.000224	-0.001221
4.563014	0.001610	-0.002006
4.569059	0.002339	-0.002697
4.575104	0.001422	-0.004272
4.581149	0.001751	-0.003633
4.587193	0.002330	-0.002821
4.593238	0.001753	-0.002641
4.599283	0.001108	-0.002516
4.605328	0.001565	-0.002054
4.611373	0.002446	-0.002280
4.617417	0.001769	-0.001995
4.623462	0.001990	-0.002827
4.629507	0.001396	-0.001872
4.635552	0.002118	-0.001379
4.641596	0.001618	-0.002804
4.647641	0.003569	-0.003786
4.653686	0.002769	-0.004975
4.659731	0.001971	-0.004433
4.665776	0.002245	-0.004294
4.671820	0.001957	-0.003212
4.677865	0.001094	-0.002101
4.683910	0.001320	-0.001799
4.689955	0.000521	-0.001655
4.695999	0.000250	-0.001516
4.702044	-0.000001	-0.001396
4.708089	0.000155	-0.001510
4.714134	0.000738	-0.001948
4.720179	0.001835	-0.002836
4.726223	0.001862	-0.003272
4.732268	0.002748	-0.002500
4.738313	0.002956	-0.001813
4.744358	0.001837	-0.002940
4.750402	0.001132	-0.002595
4.756447	0.000602	-0.001965
4.762492	-0.000535	-0.001853
4.768537	-0.001094	-0.002310
4.774582	-0.000124	-0.001456
4.780626	0.000543	-0.001982
4.786671	0.001335	-0.001059
4.792716	0.001789	-0.001323
4.798761	0.002550	-0.001240
4.804805	0.002266	-0.002636
4.810850	0.002254	-0.002123
4.816895	0.003921	-0.000859
4.822940	0.003773	-0.001182
4.828985	0.002625	-0.002156
4.835029	0.001664	-0.004184
4.841074	0.000724	-0.003844
4.847119	0.000717	-0.003841
4.853164	0.000486	-0.003417
4.859208	0.000521	-0.003872
4.865253	0.001019	-0.004075
4.871298	0.001020	-0.003176
4.877343	0.001947	-0.002899
4.883388	0.002195	-0.001363
4.889432	0.002010	-0.000512
4.895477	0.000313	0.000520
4.901522	0.001685	-0.000388
4.907567	0.001041	-0.001887
4.913611	0.000705	-0.002839
4.919656	0.000885	-0.003291
4.925701	0.000787	-0.003215
4.931746	0.000704	-0.003029
4.937791	0.001500	-0.001991
4.943835	0.000879	-0.001035
4.949880	0.000829	-0.000705
4.955925	0.000625	-0.001317
4.961970	0.000369	-0.001276
4.968014	-0.000111	-0.002111
4.974059	0.001126	-0.002091
4.980104	0.000919	-0.002838
4.986149	0.001103	-0.002832
4.992194	0.001493	-0.002694
4.998238	0.001527	-0.002279
5.004283	0.001598	-0.002147
5.010328	0.001650	-0.002463
5.016373	0.001601	-0.001017
5.022417	0.001319	-0.002096
5.028462	0.001998	-0.002487
5.034507	0.001935	-0.001932
5.040552	0.001632	-0.002416
5.046597	0.000452	-0.004157
5.052641	-0.000727	-0.004198
5.058686	-0.000233	-0.003449
5.064731	-0.000226	-0.001774
5.070776	0.000348	-0.001281
5.076820	0.000167	-0.001967
5.082865	0.000102	-0.002578
5.088910	-0.000525	-0.001460
5.094955	-0.000479	-0.000469
5.100999	-0.000426	0.000972
5.107044	0.000182	-0.000025
5.113089	0.000798	-0.000173
5.119134	0.001047	-0.000663
5.125179	-0.000305	-0.001220
5.131223	-0.001757	-0.001477
5.137268	-0.002352	-0.002325
5.143313	-0.001944	-0.002665
5.149358	-0.001035	-0.000936
5.155402	-0.002111	-0.000816
5.161447	-0.001791	-0.001010
5.167492	-0.001142	-0.002318
5.173537	0.000337	-0.003196
5.179582	0.000218	-0.004106
5.185626	-0.001022	-0.003527
5.191671	-0.000708	-0.001280
5.197716	0.000415	-0.001838
5.203761	-0.000057	-0.001504
5.209805	-0.000458	-0.001502
5.215850	-0.000418	-0.000589
5.221895	-0.001425	-0.002160
5.227940	-0.002122	-0.001400
5.233985	-0.001388	-0.001146
5.240029	-0.001300	-0.001771
5.246074	-0.001923	-0.001412
5.252119	-0.000919	-0.000579
5.258164	-0.000845	0.001191
5.264208	-0.000161	0.001143
5.270253	0.000356	0.001777
5.276298	0.000175	0.000519
5.282343	-0.000067	-0.000330
5.288388	0.000087	-0.001366
5.294432	-0.000084	-0.000373
5.300477	-0.001803	-0.001136
5.306522	-0.002469	-0.001766
5.312567	-0.002362	-0.003122
5.318611	-0.001656	-0.002534
5.324656	-0.001715	-0.001476
5.330701	-0.001627	-0.001244
5.336746	-0.001867	0.000959
5.342791	-0.002619	0.000958
5.348835	-0.001766	0.000078
5.354880	-0.002673	-0.000114
5.360925	-0.002326	-0.001596
5.366970	-0.002750	-0.002838
5.373014	-0.002083	-0.002570
5.379059	-0.001025	-0.002415
5.385104	0.000294	-0.001228
5.391149	-0.000237	-0.000355
5.397194	-0.000334	-0.000313
5.403238	-0.000178	0.000172
5.409283	-0.000577	0.000151
5.415328	0.001108	0.001223
5.421373	-0.000132	0.000548
5.427417	-0.000755	0.000333
5.433462	-0.001173	-0.000240
5.439507	-0.000079	-0.000143
5.445552	-0.000753	-0.000358
5.451597	-0.001349	-0.000884
5.457641	0.000265	0.000468
5.463686	-0.000980	0.000155
5.469731	-0.000745	0.000762
5.475776	-0.001310	0.000788
5.481820	-0.001949	0.000454
5.487865	-0.000672	0.001043
5.493910	-0.000745	-0.000308
5.499955	-0.000893	-0.000613
5.506000	-0.001810	0.000458
5.512044	-0.003144	0.000337
5.518089	-0.003674	-0.001150
5.524134	-0.003309	-0.000564
5.530179	-0.002247	-0.000217
5.536223	-0.001304	0.000083
5.542268	0.000038	0.000547
5.548313	0.000145	-0.000112
5.554358	0.000695	0.000008
5.560403	0.000637	0.002076
5.566447	0.000917	0.002637
5.572492	0.000515	0.003327
5.578537	-0.000911	0.002276
5.584582	-0.001243	0.001972
5.590626	-0.000211	0.002894
5.596671	-0.000811	0.001710
5.602716	-0.001109	0.001572
5.608761	-0.002139	0.000900
5.614806	-0.002765	0.002704
5.620850	-0.001611	0.002837
5.626895	-0.001710	0.001725
5.632940	-0.001353	0.001191
5.638985	-0.000961	0.000438
5.645029	-0.002472	0.001096
5.651074	-0.002063	0.000855
5.657119	-0.003262	0.001186
5.663164	-0.002855	0.001765
5.669209	-0.002376	0.002277
5.675253	-0.002101	0.002232
5.681298	-0.002190	0.000617
5.687343	-0.001421	0.001237
5.693388	-0.000891	0.001389
5.699432	-0.000781	0.002358
5.705477	-0.000495	0.002093
5.711522	-0.001597	-0.000192
5.717567	-0.000950	-0.000065
5.723612	-0.000411	-0.000331
5.729656	0.000089	0.000303
5.735701	0.000505	0.001223
5.741746	0.001081	0.001345
5.747791	0.000381	0.001351
5.753835	-0.000812	0.001746
5.759880	-0.001163	0.001853
5.765925	-0.000745	0.000259
5.771970	-0.001390	-0.000697
5.778015	-0.000865	0.001993
5.784059	-0.000883	0.002931
5.790104	0.000897	0.001034
5.796149	0.000548	0.000223
5.802194	0.000065	-0.000698
5.808238	-0.000095	0.000368
5.814283	0.000309	0.002028
5.820328	0.000525	0.002217
5.826373	0.000807	0.002226
5.832417	0.000900	0.000549
5.838462	0.000676	0.000344
5.844507	-0.000955	-0.001419
5.850552	-0.002607	-0.000659
5.856597	-0.001084	0.000143
5.862641	-0.000892	0.000447
5.868686	-0.000939	0.000545
5.874731	0.000231	-0.000039
5.880776	0.000604	-0.000006
5.886820	0.000220	0.000790
5.892865	-0.000400	-0.000298
5.898910	0.000083	-0.000990
5.904955	0.000104	-0.000672
5.911000	0.001690	0.000805
5.917044	0.001870	0.000664
5.923089	0.000995	0.001075
5.929134	0.001035	0.000354
5.935179	0.000951	0.002513
5.941223	0.001078	0.002938
5.947268	-0.000460	0.001361
5.953313	-0.001398	0.000704
5.959358	-0.002136	-0.000412
5.965403	-0.001908	-0.000545
5.971447	-0.000815	0.000471
5.977492	-0.000077	-0.000326
5.983537	0.000692	-0.001034
5.989582	0.000958	0.000303
5.995626	0.001655	0.001117
6.001671	0.001616	0.000349
6.007716	0.001220	0.000796
6.013761	0.001934	0.001436
6.019806	0.001421	0.000255
6.025850	0.000029	-0.000147
6.031895	-0.001004	-0.000608
6.037940	-0.001223	0.001081
6.043985	0.001042	0.002061
6.050029	0.002770	0.002093
6.056074	0.002360	0.000772
6.062119	0.003043	0.002182
6.068164	0.003255	0.001654
6.074209	0.002096	0.000259
6.080253	0.001721	0.001551
6.086298	0.001731	0.002511
6.092343	0.001724	0.001642
6.098388	0.001498	-0.000244
6.104432	0.001262	-0.001523
6.110477	0.000363	-0.001964
6.116522	-0.001210	-0.002667
6.122567	0.000221	-0.002383
6.128612	0.001022	-0.001514
6.134656	0.001643	0.000439
6.140701	0.000428	0.000336
6.146746	-0.001376	0.001261
6.152791	-0.001045	0.001152
6.158835	0.001475	0.003572
6.164880	0.000808	0.002562
6.170925	-0.000079	0.001840
6.176970	-0.000742	0.000025
6.183015	-0.000788	-0.000929
6.189059	0.000589	-0.000878
6.195104	0.000961	-0.000795
6.201149	0.001253	0.001276
6.207194	0.001791	0.000513
6.213238	0.000334	0.001542
6.219283	0.000663	0.000508
6.225328	0.001173	0.000130
6.231373	0.001990	0.000070
6.237418	0.002427	-0.001193
6.243462	0.002534	-0.002353
6.249507	0.000970	-0.001702
6.255552	0.001219	0.000656
6.261597	0.002287	0.002529
6.267641	0.001281	0.002581
6.273686	0.000631	0.001239
6.279731	-0.000256	0.000805
6.285776	0.000125	0.001389
6.291821	0.000814	0.001191
6.297865	0.000709	0.001804
6.303910	0.001302	0.001795
6.309955	0.002093	0.001762
6.316000	0.002336	-0.000870
6.322044	0.001737	-0.001411
6.328089	0.000701	-0.003273
6.334134	0.001303	-0.001966
6.340179	0.001632	-0.002024
6.346224	0.001132	-0.000803
6.352268	0.001327	-0.000989
6.358313	0.000923	-0.001786
6.364358	-0.000120	-0.001801
6.370403	-0.002040	-0.003609
6.376447	-0.000988	-0.000778
6.382492	-0.000513	0.000153
6.388537	0.000941	0.000945
6.394582	0.001737	0.000272
6.400627	0.001140	-0.001745
6.406671	0.001219	-0.001992
6.412716	0.001870	-0.001136
6.418761	0.001164	-0.000437
6.424806	0.000135	-0.000118
6.430850	0.000293	-0.000589
6.436895	0.000485	-0.000984
6.442940	0.001095	-0.000073
6.448985	0.001879	0.000506
6.455030	0.001556	0.001202
6.461074	0.001001	-0.000277
6.467119	0.000730	0.000755
6.473164	0.000129	0.000927
6.479209	0.000046	0.002337
6.485253	-0.000579	0.000817
6.491298	-0.001714	-0.001006
6.497343	-0.001010	-0.000357
6.503388	-0.000524	-0.000597
6.509432	0.001416	0.001405
6.515477	0.001924	0.002354
6.521522	0.000170	0.002145
6.527567	0.000601	0.002348
6.533612	0.001626	0.001513
6.539656	0.001546	-0.000115
6.545701	0.001500	-0.000273
6.551746	0.002513	0.000461
6.557791	0.001314	0.000323
6.563835	0.002362	0.000332
6.569880	0.003099	0.000101
6.575925	0.002956	-0.000135
6.581970	0.001463	-0.000040
6.588015	0.001673	0.000205
6.594059	0.002427	0.001753
6.600104	0.002744	0.001958
6.606149	0.002830	0.003200
6.612194	0.001442	0.002338
6.618238	0.001357	0.000731
6.624283	0.000903	-0.000910
6.630328	0.000448	-0.000469
6.636373	-0.000146	-0.001602
6.642418	0.000047	-0.002288
6.648462	-0.000072	-0.000791
6.654507	-0.001362	-0.000479
6.660552	-0.001808	-0.000271
6.666597	-0.002171	-0.001080
6.672641	-0.000868	-0.002078
6.678686	0.001096	-0.001446
6.684731	0.000731	-0.000494
6.690776	-0.000724	-0.001977
6.696821	0.000118	-0.000353
6.702865	0.000532	-0.000678
6.708910	0.000144	-0.001341
6.714955	0.001242	-0.000354
6.721000	0.000544	-0.001360
6.727044	0.000388	-0.001310
6.733089	-0.000314	-0.001483
6.739134	-0.000670	-0.000976
6.745179	-0.001522	0.000146
6.751224	-0.002719	-0.000026
6.757268	-0.002248	-0.000846
6.763313	0.000092	-0.003401
6.769358	0.000058	-0.002901
6.775403	-0.000641	-0.000886
6.781447	0.000747	-0.000742
6.787492	0.000630	-0.002405
6.793537	0.000506	-0.004159
6.799582	-0.001004	-0.002201
6.805627	-0.002027	-0.002262
6.811671	-0.000687	-0.004561
6.817716	-0.000119	-0.003988
6.823761	0.000620	-0.003178
6.829806	0.000194	-0.002200
6.835850	-0.000240	-0.002478
6.841895	-0.000847	-0.002591
6.847940	0.000367	-0.002089
6.853985	-0.000317	-0.000889
6.860030	-0.000107	-0.001619
6.866074	-0.000319	-0.001954
6.872119	-0.000614	-0.001726
6.878164	-0.000827	-0.000025
6.884209	-0.001359	-0.001496
6.890253	-0.000657	-0.001619
6.896298	-0.000134	-0.000025
6.902343	0.001145	0.000732
6.908388	-0.000013	0.000441
6.914433	0.000713	0.002088
6.920477	0.001616	0.001993
6.926522	0.001241	0.001727
6.932567	0.000514	0.001602
6.938612	0.000065	0.001584
6.944656	-0.000663	-0.001156
6.950701	-0.001901	-0.001613
6.956746	-0.000414	-0.000980
6.962791	0.001370	0.000354
6.968836	0.001130	0.000692
6.974880	0.001264	0.001129
6.980925	0.001688	0.000619
6.986970	0.001329	0.000512
6.993015	0.000915	0.001064
6.999059	0.000102	-0.000905
7.005104	0.000453	-0.001894
7.011149	-0.000781	-0.001135
7.017194	0.000019	-0.002068
7.023239	0.000849	-0.001282
7.029283	-0.000694	0.000818
7.035328	-0.000192	0.002756
7.041373	-0.000727	0.000497
7.047418	-0.001695	-0.002363
7.053462	-0.001747	-0.001827
7.059507	-0.003044	-0.001287
7.065552	-0.001151	0.001816
7.071597	-0.000095	0.002963
7.077642	0.000223	-0.000638
7.083686	-0.000718	-0.001592
7.089731	-0.000646	-0.001893
7.095776	-0.001347	-0.001462
7.101821	-0.000311	-0.000110
7.107865	-0.000862	-0.000101
7.113910	-0.001255	-0.000009
7.119955	-0.000959	0.000139
7.126000	-0.001411	-0.000806
7.132045	-0.001213	0.000412
7.138089	-0.001447	-0.000339
7.144134	-0.001079	-0.002216
7.150179	-0.001092	-0.000726
7.156224	-0.001335	-0.000441
7.162268	-0.000023	-0.001870
7.168313	-0.001257	-0.002527
7.174358	-0.003241	-0.002672
7.180403	-0.002888	-0.002663
7.186448	-0.002527	-0.001233
7.192492	-0.000774	-0.000321
7.198537	-0.001706	-0.000709
7.204582	-0.002157	-0.001979
7.210627	0.000116	0.000205
7.216671	0.000697	-0.000380
7.222716	0.000404	-0.001194
7.228761	-0.000264	-0.001021
7.234806	-0.000676	-0.000566
7.240850	0.000292	-0.000944
7.246895	-0.000944	-0.000724
7.252940	-0.000587	-0.000943
7.258985	0.000612	-0.002056
7.265030	0.001697	-0.002150
7.271074	-0.000584	-0.002247
7.277119	-0.001274	-0.002511
7.283164	-0.001661	-0.003105
7.289209	-0.000503	-0.002706
7.295253	-0.000106	-0.002448
7.301298	-0.001195	-0.000535
7.307343	-0.001765	-0.000248
7.313388	-0.000778	0.001327
7.319433	0.000069	-0.000307
7.325477	0.000797	-0.001393
7.331522	-0.000168	-0.000278
7.337567	-0.001229	0.000752
7.343612	-0.002940	0.000233
7.349656	-0.000698	0.000192
7.355701	0.000136	-0.001291
7.361746	-0.001120	-0.002735
7.367791	-0.001612	-0.001223
7.373836	-0.001833	-0.001188
7.379880	-0.002100	-0.001624
7.385925	0.000211	-0.000146
7.391970	0.000610	-0.000230
7.398015	-0.000064	-0.000163
7.404059	-0.001277	-0.000397
7.410104	-0.001446	-0.000126
7.416149	-0.000583	0.000245
7.422194	-0.000510	0.000779
7.428239	-0.000380	0.000930
7.434283	0.000858	0.001418
7.440328	0.000184	-0.000556
7.446373	0.001912	-0.000233
7.452418	0.001031	0.001820
7.458462	0.000277	0.001946
7.464507	0.000425	0.003754
7.470552	0.001076	0.002460
7.476597	0.002429	0.001337
7.482642	0.002307	0.001347
7.488686	-0.000157	0.000857
7.494731	-0.002021	0.001603
7.500776	-0.001515	-0.000133
7.506821	-0.000219	-0.002127
7.512865	0.000037	-0.000613
7.518910	0.000002	-0.001872
7.524955	-0.001844	0.000062
7.531000	0.000031	-0.000972
7.537045	-0.000404	-0.000433
7.543089	-0.000926	0.001648
7.549134	0.000466	0.000932
7.555179	-0.001602	0.000381
7.561224	-0.000740	0.000193
7.567268	-0.000675	-0.001982
7.573313	-0.001672	-0.001797
7.579358	-0.001080	-0.001762
7.585403	-0.002147	-0.003406
7.591448	0.000861	0.000880
7.597492	0.001747	0.003310
7.603537	0.001318	0.002029
7.609582	0.001456	0.003259
7.615627	0.003672	0.006619
7.621671	0.002625	0.005617
7.627716	0.001634	0.004617
7.633761	-0.000180	0.004312
7.639806	0.000857	-0.000518
7.645851	0.001599	-0.000060
7.651895	0.001319	-0.002464
7.657940	0.001333	-0.002225
7.663985	0.002382	0.000172
7.670030	0.003505	-0.001637
7.676074	0.002563	-0.000312
7.682119	0.001712	-0.000685
7.688164	-0.000165	-0.001936
7.694209	-0.003963	-0.002364
7.700254	-0.001707	-0.001274
7.706298	0.000074	0.000135
7.712343	0.002299	0.002467
7.718388	0.003501	0.002051
7.724433	0.004578	0.003338
7.730477	0.002595	0.000390
7.736522	0.000000	0.000000
7.742567	0.000000	0.000000
7.748612	0.000000	0.000000
7.754657	0.000000	0.000000
7.760701	0.000000	0.000000
7.766746	0.000000	0.000000
7.772791	0.000000	0.000000
7.778836	0.000000	0.000000
7.784880	0.000000	0.000000
7.790925	0.000000	0.000000
7.796970	0.000000	0.000000
7.803015	0.000000	0.000000
7.809060	0.000000	0.000000
7.815104	0.000000	0.000000
7.821149	0.000000	0.000000
7.827194	0.000000	0.000000
7.833239	0.000000	0.000000
7.839283	0.000000	0.000000
7.845328	0.000000	0.000000
7.851373	0.000000	0.000000
7.857418	0.000000	0.000000
7.863463	0.000000	0.000000
7.869507	0.000000	0.000000
7.875552	0.000000	0.000000
7.881597	0.000000	0.000000
7.887642	0.000000	0.000000
7.893686	0.000000	0.000000
7.899731	0.000000	0.000000
7.905776	0.000000	0.000000
7.911821	0.000000	0.000000
7.917865	0.000000	0.000000
7.923910	0.000000	0.000000
7.929955	0.000000	0.000000
7.936000	0.000000	0.000000
7.942045	0.000000	0.000000
7.948089	0.000000	0.000000
7.954134	0.000000	0.000000
7.960179	0.000000	0.000000
7.966224	0.000000	0.000000
7.972268	0.000000	0.000000
7.978313	0.000000	0.000000
7.984358	0.000000	0.000000
7.990403	0.000000	0.000000
7.996448	0.000000	0.000000
8.002492	0.000000	0.000000
8.008537	0.000000	0.000000
8.014582	0.000000	0.000000
8.020627	0.000000	0.000000
8.026671	0.000000	0.000000
8.032716	0.000000	0.000000
8.038761	0.000000	0.000000
8.044806	0.000000	0.000000
8.050851	0.000000	0.000000
8.056895	0.000000	0.000000
8.062940	0.000000	0.000000
8.068985	0.000000	0.000000
8.075030	0.000000	0.000000
8.081074	0.000000	0.000000
8.087119	0.000000	0.000000
8.093164	0.000000	0.000000
8.099209	0.000000	0.000000
8.105254	0.000000	0.000000
8.111298	0.000000	0.000000
8.117343	0.000000	0.000000
8.123388	0.000000	0.000000
8.129433	0.000000	0.000000
8.135477	0.000000	0.000000
8.141522	0.000000	0.000000
8.147567	0.000000	0.000000
8.153612	0.000000	0.000000
8.159657	0.000000	0.000000
8.165701	0.000000	0.000000
8.171746	0.000000	0.000000
8.177791	0.000000	0.000000
8.183836	0.000000	0.000000
8.189880	0.000000	0.000000
8.195925	0.000000	0.000000
8.201970	0.000000	0.000000
8.208015	0.000000	0.000000
8.214060	0.000000	0.000000
8.220104	0.000000	0.000000
8.226149	0.000000	0.000000
8.232194	0.000000	0.000000
8.238239	0.000000	0.000000
8.244283	0.000000	0.000000
8.250328	0.000000	0.000000
8.256373	0.000000	0.000000
8.262418	0.000000	0.000000
8.268463	0.000000	0.000000
8.274507	0.000000	0.000000
8.280552	0.000000	0.000000
8.286597	0.000000	0.000000
8.292642	0.000000	0.000000
8.298686	0.000000	0.000000
8.304731	0.000000	0.000000
8.310776	0.000000	0.000000
8.316821	0.000000	0.000000
8.322866	0.000000	0.000000
8.328910	0.000000	0.000000
8.334955	0.000000	0.000000
8.341000	0.000000	0.000000
8.347045	0.000000	0.000000
8.353089	0.000000	0.000000
8.359134	0.000000	0.000000
8.365179	0.000000	0.000000
8.371224	0.000000	0.000000
8.377269	0.000000	0.000000
8.383313	0.000000	0.000000
8.389358	0.000000	0.000000
8.395403	0.000000	0.000000
8.401448	0.000000	0.000000
8.407492	0.000000	0.000000
8.413537	0.000000	0.000000
8.419582	0.000000	0.000000
8.425627	0.000000	0.000000
8.431672	0.000000	0.000000
8.437716	0.000000	0.000000
8.443761	0.000000	0.000000
8.449806	0.000000	0.000000
8.455851	0.000000	0.000000
8.461895	0.000000	0.000000
8.467940	0.000000	0.000000
8.473985	0.000000	0.000000
8.480030	0.000000	0.000000
8.486075	0.000000	0.000000
8.492119	0.000000	0.000000
8.498164	0.000000	0.000000
