#Point-by-point error evaluated for the Solvent differentials.
#Q(Ang^(-1)   DS/DT     DS/Drho
0.005253	0.000000	0.000000
0.011297	0.000000	0.000000
0.017342	0.000000	0.000000
0.023387	0.000000	0.000000
0.029432	0.000000	0.000000
0.035477	0.000000	0.000000
0.041521	0.000000	0.000000
0.047566	0.000000	0.000000
0.053611	0.000000	0.000000
0.059656	0.000000	0.000000
0.065700	0.000000	0.000000
0.071745	0.000000	0.000000
0.077790	0.000000	0.000000
0.083835	0.000000	0.000000
0.089880	0.000000	0.000000
0.095924	0.000000	0.000000
0.101969	0.000000	0.000000
0.108014	0.000000	0.000000
0.114059	0.000000	0.000000
0.120103	0.000000	0.000000
0.126148	0.000000	0.000000
0.132193	0.000000	0.000000
0.138238	0.000000	0.000000
0.144283	0.000000	0.000000
0.150327	0.000000	0.000000
0.156372	0.000000	0.000000
0.162417	0.000000	0.000000
0.168462	0.000000	0.000000
0.174506	0.000000	0.000000
0.180551	0.000000	0.000000
0.186596	0.000000	0.000000
0.192641	0.000000	0.000000
0.198685	0.000000	0.000000
0.204730	0.000000	0.000000
0.210775	0.000000	0.000000
0.216820	0.000000	0.000000
0.222865	0.000000	0.000000
0.228909	0.000000	0.000000
0.234954	0.000000	0.000000
0.240999	0.000000	0.000000
0.247044	0.000000	0.000000
0.253088	0.000000	0.000000
0.259133	0.000000	0.000000
0.265178	0.000000	0.000000
0.271223	0.000000	0.000000
0.277268	0.000000	0.000000
0.283312	0.000000	0.000000
0.289357	0.000000	0.000000
0.295402	0.000000	0.000000
0.301447	0.000000	0.000000
0.307491	0.000000	0.000000
0.313536	0.000000	0.000000
0.319581	0.000000	0.000000
0.325626	0.000000	0.000000
0.331671	0.000000	0.000000
0.337715	0.000000	0.000000
0.343760	0.000000	0.000000
0.349805	0.000000	0.000000
0.355850	0.000000	0.000000
0.361894	0.000000	0.000000
0.367939	0.035086	0.267788
0.373984	0.032789	0.259237
0.380029	0.030897	0.255529
0.386074	0.029714	0.249618
0.392118	0.028251	0.209068
0.398163	0.027029	0.164126
0.404208	0.025427	0.117430
0.410253	0.023271	0.069804
0.416297	0.020346	0.026383
0.422342	0.018270	0.019807
0.428387	0.016472	0.017752
0.434432	0.015221	0.016085
0.440477	0.014572	0.014593
0.446521	0.014456	0.014736
0.452566	0.014513	0.015230
0.458611	0.014698	0.015590
0.464656	0.015120	0.015677
0.470700	0.015497	0.015699
0.476745	0.015936	0.015775
0.482790	0.016295	0.015588
0.488835	0.016447	0.015745
0.494880	0.016625	0.015934
0.500924	0.016843	0.016064
0.506969	0.016867	0.015886
0.513014	0.017041	0.015710
0.519059	0.017208	0.015238
0.525103	0.017113	0.014860
0.531148	0.016286	0.014505
0.537193	0.015484	0.014337
0.543238	0.014500	0.014105
0.549283	0.013590	0.013958
0.555327	0.012772	0.013795
0.561372	0.012900	0.013236
0.567417	0.013328	0.012776
0.573462	0.013122	0.012395
0.579506	0.012748	0.011568
0.585551	0.012271	0.010785
0.591596	0.011747	0.010395
0.597641	0.011125	0.010105
0.603686	0.011384	0.009865
0.609730	0.011769	0.010114
0.615775	0.012162	0.010391
0.621820	0.012487	0.010557
0.627865	0.012774	0.010873
0.633909	0.012770	0.011419
0.639954	0.012741	0.012162
0.645999	0.012826	0.012785
0.652044	0.013092	0.013538
0.658089	0.013494	0.013978
0.664133	0.013861	0.014113
0.670178	0.014210	0.014045
0.676223	0.014482	0.014172
0.682268	0.014344	0.014242
0.688312	0.014433	0.014193
0.694357	0.014963	0.013974
0.700402	0.015606	0.013673
0.706447	0.016116	0.012996
0.712492	0.016574	0.012307
0.718536	0.016560	0.011575
0.724581	0.016233	0.010990
0.730626	0.016168	0.010726
0.736671	0.016738	0.010789
0.742715	0.017707	0.010941
0.748760	0.018717	0.011403
0.754805	0.019459	0.011943
0.760850	0.019805	0.012162
0.766895	0.019097	0.011918
0.772939	0.018218	0.011891
0.778984	0.017633	0.011951
0.785029	0.017556	0.012392
0.791074	0.017482	0.013055
0.797118	0.017781	0.013908
0.803163	0.017693	0.014467
0.809208	0.017447	0.014841
0.815253	0.016819	0.014936
0.821298	0.016510	0.015041
0.827342	0.016429	0.015322
0.833387	0.016639	0.015571
0.839432	0.016655	0.016128
0.845477	0.016212	0.016456
0.851521	0.015402	0.016495
0.857566	0.014510	0.016528
0.863611	0.013707	0.016658
0.869656	0.013055	0.016534
0.875701	0.012920	0.016397
0.881745	0.012872	0.016732
0.887790	0.012890	0.016890
0.893835	0.012617	0.016632
0.899880	0.012376	0.016094
0.905924	0.012126	0.015494
0.911969	0.011858	0.014482
0.918014	0.011638	0.013657
0.924059	0.011656	0.013503
0.930103	0.011698	0.013765
0.936148	0.011583	0.014251
0.942193	0.011461	0.014952
0.948238	0.010740	0.015400
0.954283	0.009942	0.015385
0.960327	0.009147	0.015175
0.966372	0.008513	0.014814
0.972417	0.007870	0.014250
0.978462	0.008228	0.013915
0.984506	0.008690	0.013736
0.990551	0.009202	0.013845
0.996596	0.009806	0.014062
1.002641	0.010530	0.014700
1.008686	0.010680	0.015149
1.014730	0.010876	0.015547
1.020775	0.010891	0.015195
1.026820	0.010695	0.014429
1.032865	0.010406	0.013276
1.038909	0.010362	0.012571
1.044954	0.010951	0.012368
1.050999	0.011623	0.013092
1.057044	0.013460	0.014958
1.063089	0.015902	0.017733
1.069133	0.018261	0.020740
1.075178	0.019926	0.023914
1.081223	0.021540	0.027386
1.087268	0.021899	0.030018
1.093312	0.022167	0.032902
1.099357	0.022046	0.036184
1.105402	0.022799	0.041687
1.111447	0.024275	0.048593
1.117492	0.027208	0.057536
1.123536	0.030575	0.068591
1.129581	0.034721	0.080989
1.135626	0.037742	0.091932
1.141671	0.039974	0.102574
1.147715	0.040612	0.111409
1.153760	0.039999	0.117175
1.159805	0.038562	0.118501
1.165850	0.036393	0.115780
1.171895	0.035559	0.107316
1.177939	0.037152	0.094836
1.183984	0.040809	0.080403
1.190029	0.045518	0.070914
1.196074	0.051237	0.069716
1.202118	0.055963	0.079911
1.208163	0.057883	0.100040
1.214208	0.058257	0.128008
1.220253	0.056859	0.160030
1.226298	0.057277	0.191790
1.232342	0.058351	0.220560
1.238387	0.060190	0.245858
1.244432	0.061201	0.265804
1.250477	0.062118	0.277042
1.256521	0.059189	0.278694
1.262566	0.053994	0.270350
1.268611	0.048018	0.251742
1.274656	0.042777	0.224989
1.280701	0.040054	0.191814
1.286745	0.041618	0.158174
1.292790	0.047215	0.130887
1.298835	0.055838	0.116339
1.304880	0.064748	0.113897
1.310924	0.072167	0.123809
1.316969	0.076097	0.140872
1.323014	0.075296	0.157668
1.329059	0.068912	0.167255
1.335104	0.059663	0.169642
1.341148	0.049050	0.165522
1.347193	0.039077	0.155208
1.353238	0.030253	0.142080
1.359283	0.023836	0.127976
1.365327	0.019797	0.113216
1.371372	0.017343	0.098925
1.377417	0.015252	0.085242
1.383462	0.014099	0.071760
1.389507	0.013770	0.059473
1.395551	0.013555	0.049529
1.401596	0.013246	0.039263
1.407641	0.012968	0.031215
1.413686	0.012704	0.023651
1.419730	0.012503	0.018045
1.425775	0.011920	0.013233
1.431820	0.011432	0.011219
1.437865	0.011298	0.010217
1.443910	0.010898	0.010575
1.449954	0.010451	0.010963
1.455999	0.010865	0.011916
1.462044	0.011978	0.012557
1.468089	0.013463	0.013454
1.474133	0.015488	0.014597
1.480178	0.017947	0.015963
1.486223	0.019344	0.016515
1.492268	0.019755	0.016550
1.498313	0.019143	0.015843
1.504357	0.017783	0.014812
1.510402	0.016025	0.013604
1.516447	0.014791	0.013126
1.522492	0.013724	0.012981
1.528536	0.013166	0.013129
1.534581	0.013034	0.012924
1.540626	0.012792	0.012496
1.546671	0.012590	0.011595
1.552716	0.012508	0.010674
1.558760	0.012371	0.009847
1.564805	0.012198	0.009631
1.570850	0.012211	0.009564
1.576895	0.012091	0.009607
1.582939	0.012025	0.009644
1.588984	0.012020	0.009686
1.595029	0.012119	0.009724
1.601074	0.012132	0.010121
1.607118	0.011718	0.010623
1.613163	0.011016	0.011716
1.619208	0.010030	0.012749
1.625253	0.009006	0.013262
1.631298	0.007741	0.013187
1.637342	0.006999	0.012984
1.643387	0.006488	0.012368
1.649432	0.006368	0.011916
1.655477	0.006333	0.011980
1.661521	0.006713	0.012208
1.667566	0.007468	0.012296
1.673611	0.007999	0.012420
1.679656	0.008714	0.012786
1.685701	0.009316	0.013273
1.691745	0.009675	0.013877
1.697790	0.009540	0.014565
1.703835	0.009566	0.014905
1.709880	0.009170	0.014862
1.715924	0.008729	0.014471
1.721969	0.008278	0.013417
1.728014	0.008163	0.012375
1.734059	0.008260	0.011494
1.740104	0.008341	0.010592
1.746148	0.008541	0.009961
1.752193	0.009074	0.009858
1.758238	0.009288	0.009548
1.764283	0.009349	0.009413
1.770327	0.009571	0.009196
1.776372	0.009634	0.008969
1.782417	0.009723	0.009188
1.788462	0.010133	0.009907
1.794507	0.010601	0.010405
1.800551	0.011163	0.010970
1.806596	0.011867	0.011549
1.812641	0.012440	0.011729
1.818686	0.012886	0.011653
1.824730	0.012992	0.011714
1.830775	0.012890	0.011993
1.836820	0.013039	0.012428
1.842865	0.013549	0.012997
1.848910	0.014055	0.013647
1.854954	0.014836	0.014703
1.860999	0.015473	0.015228
1.867044	0.015408	0.015295
1.873089	0.014690	0.015002
1.879133	0.013896	0.014368
1.885178	0.013029	0.014154
1.891223	0.012343	0.014334
1.897268	0.012060	0.014760
1.903313	0.011820	0.015152
1.909357	0.011689	0.015626
1.915402	0.011635	0.015132
1.921447	0.011388	0.014472
1.927492	0.011094	0.013560
1.933536	0.010761	0.013016
1.939581	0.010361	0.013115
1.945626	0.009851	0.013883
1.951671	0.009291	0.015302
1.957716	0.008810	0.017022
1.963760	0.008431	0.018315
1.969805	0.008062	0.018229
1.975850	0.008190	0.016978
1.981895	0.008634	0.015222
1.987939	0.009534	0.013652
1.993984	0.010669	0.012507
2.000029	0.011720	0.012204
2.006074	0.012435	0.012430
2.012119	0.013208	0.012694
2.018163	0.013573	0.012590
2.024208	0.013786	0.012705
2.030253	0.014206	0.012877
2.036298	0.014654	0.013018
2.042342	0.014957	0.013005
2.048387	0.015213	0.013348
2.054432	0.015448	0.013501
2.060477	0.015598	0.013734
2.066522	0.015675	0.014038
2.072566	0.015653	0.014495
2.078611	0.015650	0.014838
2.084656	0.015528	0.015123
2.090701	0.015335	0.015402
2.096745	0.015076	0.015710
2.102790	0.015004	0.016466
2.108835	0.014870	0.017733
2.114880	0.015106	0.019819
2.120925	0.015367	0.022160
2.126969	0.015756	0.024531
2.133014	0.016023	0.025852
2.139059	0.016368	0.025912
2.145104	0.016096	0.023966
2.151148	0.015837	0.021372
2.157193	0.015520	0.018684
2.163238	0.015218	0.017068
2.169283	0.014747	0.016297
2.175328	0.014650	0.016750
2.181372	0.014499	0.017559
2.187417	0.014525	0.018518
2.193462	0.014445	0.019294
2.199507	0.014437	0.019745
2.205551	0.014627	0.020216
2.211596	0.014607	0.020720
2.217641	0.014452	0.020969
2.223686	0.014283	0.020132
2.229731	0.013903	0.018904
2.235775	0.013664	0.017229
2.241820	0.013985	0.015531
2.247865	0.014600	0.014606
2.253910	0.015490	0.014858
2.259954	0.016189	0.015439
2.265999	0.016436	0.016576
2.272044	0.016263	0.017538
2.278089	0.016013	0.017761
2.284134	0.015618	0.017630
2.290178	0.015521	0.017169
2.296223	0.015488	0.016220
2.302268	0.015554	0.015091
2.308313	0.015367	0.014109
2.314357	0.015293	0.013426
2.320402	0.015306	0.013832
2.326447	0.015358	0.014651
2.332492	0.015419	0.015778
2.338536	0.015401	0.016831
2.344581	0.015039	0.017695
2.350626	0.014864	0.018317
2.356671	0.014414	0.018967
2.362716	0.013961	0.019298
2.368760	0.013313	0.018790
2.374805	0.012758	0.017530
2.380850	0.012083	0.015754
2.386895	0.011534	0.013909
2.392939	0.011056	0.012425
2.398984	0.010752	0.011845
2.405029	0.010573	0.011858
2.411074	0.010379	0.012094
2.417119	0.010340	0.012152
2.423163	0.010483	0.012075
2.429208	0.010725	0.011885
2.435253	0.011046	0.011820
2.441298	0.011064	0.011815
2.447342	0.011008	0.011574
2.453387	0.010531	0.011139
2.459432	0.010224	0.010747
2.465477	0.010157	0.010234
2.471522	0.010188	0.009748
2.477566	0.010482	0.009806
2.483611	0.010672	0.010084
2.489656	0.010672	0.010482
2.495701	0.010691	0.010875
2.501745	0.011033	0.011119
2.507790	0.011276	0.011009
2.513835	0.011781	0.010846
2.519880	0.012342	0.010455
2.525925	0.012452	0.010216
2.531969	0.012361	0.010156
2.538014	0.012128	0.010291
2.544059	0.011494	0.010610
2.550104	0.010803	0.010940
2.556148	0.010268	0.010702
2.562193	0.009831	0.010197
2.568238	0.009459	0.009662
2.574283	0.009417	0.009054
2.580328	0.009235	0.008509
2.586372	0.008870	0.008346
2.592417	0.008447	0.008122
2.598462	0.008036	0.007990
2.604507	0.007395	0.007900
2.610551	0.006886	0.007813
2.616596	0.006396	0.007775
2.622641	0.006063	0.008036
2.628686	0.005707	0.008344
2.634731	0.005696	0.008973
2.640775	0.005691	0.010004
2.646820	0.005831	0.010804
2.652865	0.005843	0.011339
2.658910	0.005786	0.011517
2.664954	0.005543	0.011270
2.670999	0.005712	0.010727
2.677044	0.005840	0.010409
2.683089	0.006234	0.010400
2.689134	0.006761	0.010616
2.695178	0.007431	0.010844
2.701223	0.007837	0.011047
2.707268	0.008185	0.011150
2.713313	0.008184	0.010984
2.719357	0.008153	0.010368
2.725402	0.008369	0.010150
2.731447	0.008602	0.010239
2.737492	0.008899	0.010316
2.743537	0.009204	0.010337
2.749581	0.009493	0.010757
2.755626	0.009423	0.010676
2.761671	0.009156	0.010400
2.767716	0.009003	0.010537
2.773760	0.009007	0.010785
2.779805	0.008988	0.011232
2.785850	0.009068	0.011663
2.791895	0.009092	0.011961
2.797940	0.009093	0.011893
2.803984	0.008804	0.011644
2.810029	0.008513	0.011188
2.816074	0.008232	0.010951
2.822119	0.007995	0.010751
2.828163	0.007618	0.010654
2.834208	0.007428	0.010756
2.840253	0.007294	0.010851
2.846298	0.007052	0.010410
2.852343	0.006876	0.009918
2.858387	0.006770	0.009393
2.864432	0.006701	0.008812
2.870477	0.006567	0.008076
2.876522	0.006516	0.007750
2.882566	0.006490	0.007465
2.888611	0.006545	0.007161
2.894656	0.006809	0.006951
2.900701	0.007146	0.006939
2.906746	0.007699	0.006865
2.912790	0.008221	0.006798
2.918835	0.008734	0.006723
2.924880	0.008922	0.006603
2.930925	0.008970	0.006398
2.936969	0.008724	0.006279
2.943014	0.008543	0.006042
2.949059	0.008326	0.005868
2.955104	0.008175	0.006096
2.961149	0.008066	0.006247
2.967193	0.008077	0.006413
2.973238	0.008003	0.006691
2.979283	0.007934	0.007233
2.985328	0.007899	0.007777
2.991372	0.007951	0.008504
2.997417	0.007992	0.009242
3.003462	0.008057	0.010058
3.009507	0.007895	0.010521
3.015551	0.007674	0.010668
3.021596	0.007408	0.010703
3.027641	0.007139	0.010714
3.033686	0.006601	0.010591
3.039731	0.006343	0.010535
3.045775	0.006119	0.010460
3.051820	0.006018	0.010407
3.057865	0.005927	0.010364
3.063910	0.006049	0.010293
3.069954	0.006102	0.010037
3.075999	0.006214	0.009683
3.082044	0.006408	0.009400
3.088089	0.006600	0.009278
3.094134	0.006869	0.009374
3.100178	0.007198	0.009676
3.106223	0.007485	0.010072
3.112268	0.007499	0.010160
3.118313	0.007303	0.009643
3.124357	0.007075	0.008976
3.130402	0.006928	0.008373
3.136447	0.006952	0.008019
3.142492	0.007221	0.007833
3.148537	0.007820	0.008179
3.154581	0.008399	0.008528
3.160626	0.008838	0.008749
3.166671	0.009031	0.008611
3.172716	0.009172	0.008669
3.178760	0.009311	0.008906
3.184805	0.009450	0.009197
3.190850	0.009592	0.009677
3.196895	0.009687	0.010230
3.202940	0.009468	0.010237
3.208984	0.009112	0.009763
3.215029	0.008842	0.009010
3.221074	0.008550	0.008066
3.227119	0.008470	0.007108
3.233163	0.008949	0.007270
3.239208	0.009443	0.007812
3.245253	0.009720	0.008792
3.251298	0.009701	0.009608
3.257343	0.009354	0.010232
3.263387	0.008491	0.010127
3.269432	0.007987	0.009889
3.275477	0.007725	0.009811
3.281522	0.007720	0.010052
3.287566	0.007872	0.010604
3.293611	0.008101	0.011137
3.299656	0.007954	0.011597
3.305701	0.007719	0.011673
3.311746	0.007344	0.011394
3.317790	0.006944	0.010955
3.323835	0.006609	0.010419
3.329880	0.006488	0.009960
3.335925	0.006399	0.009609
3.341969	0.006513	0.009467
3.348014	0.006695	0.009333
3.354059	0.006748	0.008747
3.360104	0.006722	0.008093
3.366149	0.006565	0.007171
3.372193	0.006490	0.006276
3.378238	0.006406	0.005371
3.384283	0.006549	0.005146
3.390328	0.006566	0.004955
3.396372	0.006691	0.004974
3.402417	0.006833	0.004948
3.408462	0.007093	0.005014
3.414507	0.007288	0.005113
3.420552	0.007484	0.005238
3.426596	0.007636	0.005379
3.432641	0.007517	0.005565
3.438686	0.007569	0.005729
3.444731	0.007748	0.005837
3.450775	0.007902	0.005891
3.456820	0.008245	0.005991
3.462865	0.008772	0.006080
3.468910	0.008974	0.006168
3.474955	0.009019	0.006281
3.480999	0.009032	0.006428
3.487044	0.008905	0.006620
3.493089	0.008541	0.006827
3.499134	0.008445	0.006996
3.505178	0.008578	0.006964
3.511223	0.008687	0.006910
3.517268	0.008729	0.006808
3.523313	0.008837	0.006771
3.529358	0.008732	0.006766
3.535402	0.008469	0.006882
3.541447	0.008532	0.007121
3.547492	0.008835	0.007315
3.553537	0.009504	0.007485
3.559581	0.009983	0.007526
3.565626	0.010380	0.007546
3.571671	0.010605	0.007457
3.577716	0.010307	0.007401
3.583761	0.009776	0.007290
3.589805	0.009713	0.007501
3.595850	0.009957	0.007800
3.601895	0.010339	0.008232
3.607940	0.011201	0.008695
3.613984	0.012089	0.009052
3.620029	0.012411	0.009271
3.626074	0.012081	0.009247
3.632119	0.011216	0.008730
3.638164	0.009918	0.008139
3.644208	0.008786	0.008093
3.650253	0.008006	0.008029
3.656298	0.007703	0.008115
3.662343	0.007762	0.008648
3.668387	0.008181	0.009027
3.674432	0.008272	0.008666
3.680477	0.008174	0.008256
3.686522	0.007613	0.007761
3.692567	0.006742	0.007164
3.698611	0.005837	0.006749
3.704656	0.005141	0.006771
3.710701	0.004544	0.006861
3.716746	0.004312	0.007196
3.722790	0.004346	0.007373
3.728835	0.004387	0.007419
3.734880	0.004359	0.007228
3.740925	0.004389	0.006765
3.746969	0.004411	0.006188
3.753014	0.004572	0.005763
3.759059	0.004788	0.005376
3.765104	0.005021	0.005069
3.771149	0.005237	0.005117
3.777193	0.005485	0.005138
3.783238	0.005585	0.005169
3.789283	0.005628	0.005216
3.795328	0.005706	0.005258
3.801372	0.005930	0.005123
3.807417	0.006203	0.005011
3.813462	0.006505	0.004887
3.819507	0.006718	0.004757
3.825552	0.006847	0.004578
3.831596	0.006615	0.004517
3.837641	0.006284	0.004628
3.843686	0.005787	0.004618
3.849731	0.005343	0.004609
3.855775	0.004952	0.004729
3.861820	0.004843	0.004762
3.867865	0.004659	0.004635
3.873910	0.004602	0.004624
3.879955	0.004537	0.004633
3.885999	0.004464	0.004597
3.892044	0.004273	0.004596
3.898089	0.004162	0.004564
3.904134	0.004001	0.004555
3.910178	0.003891	0.004555
3.916223	0.004172	0.004610
3.922268	0.004609	0.004771
3.928313	0.004986	0.005005
3.934358	0.005331	0.005309
3.940402	0.005679	0.005576
3.946447	0.005582	0.005841
3.952492	0.005415	0.005981
3.958537	0.005419	0.006191
3.964581	0.005561	0.006328
3.970626	0.005681	0.006588
3.976671	0.005932	0.007020
3.982716	0.006165	0.007339
3.988761	0.006077	0.007488
3.994805	0.005857	0.007633
4.000850	0.005637	0.007662
4.006895	0.005280	0.007389
4.012940	0.005144	0.007218
4.018984	0.005344	0.006982
4.025029	0.005690	0.006718
4.031074	0.005858	0.006528
4.037119	0.005854	0.006327
4.043164	0.005823	0.006126
4.049208	0.006024	0.006161
4.055253	0.006179	0.006252
4.061298	0.006491	0.006306
4.067343	0.007085	0.006463
4.073387	0.007519	0.006563
4.079432	0.007575	0.006422
4.085477	0.007645	0.006256
4.091522	0.007726	0.005993
4.097567	0.007770	0.005831
4.103611	0.007785	0.005913
4.109656	0.007804	0.006176
4.115701	0.007850	0.006445
4.121746	0.007844	0.006685
4.127790	0.007832	0.006773
4.133835	0.007705	0.006591
4.139880	0.007701	0.006351
4.145925	0.007683	0.006098
4.151970	0.007591	0.006030
4.158014	0.007375	0.005995
4.164059	0.006946	0.005905
4.170104	0.006321	0.005795
4.176149	0.005774	0.005676
4.182193	0.005451	0.005539
4.188238	0.005259	0.005613
4.194283	0.005397	0.005874
4.200328	0.005629	0.006094
4.206373	0.005731	0.006464
4.212417	0.005727	0.006742
4.218462	0.005621	0.006819
4.224507	0.005517	0.006911
4.230552	0.005366	0.007186
4.236596	0.005240	0.007429
4.242641	0.005061	0.007847
4.248686	0.005040	0.008373
4.254731	0.005044	0.008975
4.260776	0.005070	0.009526
4.266820	0.005165	0.009821
4.272865	0.005398	0.009827
4.278910	0.005605	0.009480
4.284955	0.005785	0.008766
4.290999	0.005993	0.008135
4.297044	0.006121	0.007895
4.303089	0.006139	0.007780
4.309134	0.006093	0.007733
4.315179	0.005991	0.007722
4.321223	0.005938	0.007261
4.327268	0.005950	0.006482
4.333313	0.005987	0.005750
4.339358	0.006069	0.005191
4.345402	0.006141	0.004942
4.351447	0.006000	0.004979
4.357492	0.005751	0.005095
4.363537	0.005658	0.005246
4.369582	0.005641	0.005386
4.375626	0.005788	0.005609
4.381671	0.006032	0.005870
4.387716	0.006294	0.006108
4.393761	0.006297	0.006258
4.399805	0.006129	0.006673
4.405850	0.006023	0.007184
4.411895	0.006113	0.007898
4.417940	0.006519	0.008694
4.423984	0.007020	0.009473
4.430029	0.007598	0.009973
4.436074	0.008012	0.010143
4.442119	0.008159	0.010049
4.448164	0.008011	0.009909
4.454208	0.007833	0.009826
4.460253	0.007663	0.009754
4.466298	0.007742	0.009741
4.472343	0.007950	0.009710
4.478387	0.008073	0.009566
4.484432	0.008142	0.009275
4.490477	0.008125	0.008948
4.496522	0.007776	0.008539
4.502567	0.007343	0.008205
4.508611	0.007179	0.008008
4.514656	0.007343	0.007799
4.520701	0.007519	0.007172
4.526746	0.007568	0.006566
4.532790	0.007627	0.005931
4.538835	0.007449	0.005140
4.544880	0.007072	0.004351
4.550925	0.006647	0.004134
4.556970	0.006405	0.003955
4.563014	0.006378	0.003773
4.569059	0.006464	0.003705
4.575104	0.006575	0.003762
4.581149	0.006803	0.003772
4.587193	0.007153	0.004034
4.593238	0.007387	0.004294
4.599283	0.007504	0.004558
4.605328	0.007448	0.004890
4.611373	0.007399	0.005145
4.617417	0.007234	0.005154
4.623462	0.007075	0.005211
4.629507	0.006965	0.005338
4.635552	0.006966	0.005443
4.641596	0.006932	0.005448
4.647641	0.006922	0.005468
4.653686	0.006640	0.005446
4.659731	0.006338	0.005367
4.665776	0.006054	0.005277
4.671820	0.005819	0.005333
4.677865	0.005584	0.005411
4.683910	0.005587	0.005692
4.689955	0.005638	0.006129
4.695999	0.005678	0.006629
4.702044	0.005743	0.007084
4.708089	0.005810	0.007465
4.714134	0.005871	0.007265
4.720179	0.005989	0.006909
4.726223	0.006223	0.006653
4.732268	0.006492	0.006401
4.738313	0.006688	0.006178
4.744358	0.006923	0.006295
4.750402	0.007297	0.006451
4.756447	0.007762	0.006496
4.762492	0.008158	0.006547
4.768537	0.008636	0.006622
4.774582	0.009028	0.006699
4.780626	0.009010	0.006758
4.786671	0.008567	0.006777
4.792716	0.008209	0.006899
4.798761	0.007974	0.007076
4.804805	0.007821	0.007327
4.810850	0.007936	0.007641
4.816895	0.008259	0.007827
4.822940	0.008400	0.007765
4.828985	0.008435	0.007843
4.835029	0.008446	0.007991
4.841074	0.008341	0.008154
4.847119	0.008309	0.008512
4.853164	0.008375	0.008874
4.859208	0.008390	0.008906
4.865253	0.008341	0.008646
4.871298	0.008310	0.008205
4.877343	0.008261	0.007836
4.883388	0.008143	0.007594
4.889432	0.008055	0.007476
4.895477	0.008091	0.007564
4.901522	0.008215	0.007734
4.907567	0.008321	0.007804
4.913611	0.008512	0.007882
4.919656	0.008698	0.007962
4.925701	0.008836	0.008032
4.931746	0.008950	0.008098
4.937791	0.009018	0.008076
4.943835	0.008994	0.008040
4.949880	0.008930	0.007901
4.955925	0.008854	0.007795
4.961970	0.008798	0.007732
4.968014	0.008675	0.007681
4.974059	0.008340	0.007548
4.980104	0.007998	0.007432
4.986149	0.007643	0.007280
4.992194	0.007250	0.007220
4.998238	0.006941	0.007158
5.004283	0.006801	0.007153
5.010328	0.006669	0.007260
5.016373	0.006503	0.007355
5.022417	0.006380	0.007328
5.028462	0.006306	0.007338
5.034507	0.006369	0.007371
5.040552	0.006233	0.007406
5.046597	0.005957	0.007521
5.052641	0.005799	0.007660
5.058686	0.005842	0.007826
5.064731	0.005846	0.007906
5.070776	0.006012	0.007711
5.076820	0.006155	0.007348
5.082865	0.006087	0.007057
5.088910	0.005772	0.006928
5.094955	0.005559	0.006895
5.100999	0.005412	0.007010
5.107044	0.005496	0.007046
5.113089	0.005637	0.006773
5.119134	0.005799	0.006303
5.125179	0.005850	0.005828
5.131223	0.005914	0.005445
5.137268	0.005942	0.005298
5.143313	0.005930	0.005589
5.149358	0.005913	0.005959
5.155402	0.005939	0.006368
5.161447	0.005903	0.006659
5.167492	0.005975	0.007015
5.173537	0.006150	0.007246
5.179582	0.006409	0.007396
5.185626	0.006495	0.007541
5.191671	0.006572	0.007807
5.197716	0.006459	0.007902
5.203761	0.006164	0.007875
5.209805	0.005768	0.007835
5.215850	0.005566	0.007764
5.221895	0.005545	0.007877
5.227940	0.005640	0.008069
5.233985	0.005835	0.008256
5.240029	0.006005	0.008456
5.246074	0.006147	0.008730
5.252119	0.006164	0.008805
5.258164	0.006205	0.008823
5.264208	0.006284	0.009065
5.270253	0.006377	0.009299
5.276298	0.006437	0.009347
5.282343	0.006347	0.009069
5.288388	0.006080	0.008759
5.294432	0.005806	0.008273
5.300477	0.005681	0.008057
5.306522	0.005602	0.008157
5.312567	0.005681	0.008629
5.318611	0.005890	0.009134
5.324656	0.006088	0.009594
5.330701	0.006045	0.009605
5.336746	0.005826	0.009269
5.342791	0.005632	0.008841
5.348835	0.005471	0.008471
5.354880	0.005265	0.008070
5.360925	0.005086	0.007834
5.366970	0.005035	0.007683
5.373014	0.004967	0.007568
5.379059	0.004804	0.007307
5.385104	0.004657	0.007048
5.391149	0.004549	0.006842
5.397194	0.004431	0.006729
5.403238	0.004364	0.006643
5.409283	0.004464	0.006753
5.415328	0.004580	0.006888
5.421373	0.004742	0.006887
5.427417	0.004981	0.006946
5.433462	0.005182	0.007055
5.439507	0.005277	0.007041
5.445552	0.005454	0.007103
5.451597	0.005635	0.007281
5.457641	0.005746	0.007421
5.463686	0.005834	0.007477
5.469731	0.005838	0.007489
5.475776	0.005727	0.007339
5.481820	0.005610	0.007155
5.487865	0.005571	0.006925
5.493910	0.005528	0.006758
5.499955	0.005563	0.006698
5.506000	0.005591	0.006740
5.512044	0.005555	0.006803
5.518089	0.005401	0.006883
5.524134	0.005178	0.006999
5.530179	0.005074	0.007111
5.536223	0.004976	0.007192
5.542268	0.004970	0.007231
5.548313	0.005072	0.007267
5.554358	0.005257	0.007242
5.560403	0.005387	0.007099
5.566447	0.005653	0.006987
5.572492	0.005838	0.006931
5.578537	0.005925	0.006888
5.584582	0.006012	0.006853
5.590626	0.006056	0.006913
5.596671	0.005967	0.006972
5.602716	0.005911	0.007039
5.608761	0.005882	0.007051
5.614806	0.005843	0.006995
5.620850	0.005906	0.006923
5.626895	0.005995	0.006830
5.632940	0.006120	0.006675
5.638985	0.006277	0.006473
5.645029	0.006429	0.006271
5.651074	0.006348	0.006160
5.657119	0.006255	0.005957
5.663164	0.006167	0.005733
5.669209	0.006106	0.005627
5.675253	0.005958	0.005698
5.681298	0.005687	0.005632
5.687343	0.005389	0.005643
5.693388	0.005078	0.005736
5.699432	0.004765	0.005837
5.705477	0.004530	0.005830
5.711522	0.004541	0.005866
5.717567	0.004567	0.005918
5.723612	0.004535	0.005907
5.729656	0.004486	0.005853
5.735701	0.004447	0.005816
5.741746	0.004289	0.005792
5.747791	0.004093	0.005806
5.753835	0.003918	0.005882
5.759880	0.003689	0.005988
5.765925	0.003403	0.006038
5.771970	0.003216	0.006012
5.778015	0.003269	0.005953
5.784059	0.003339	0.005854
5.790104	0.003432	0.005714
5.796149	0.003686	0.005583
5.802194	0.004021	0.005548
5.808238	0.004180	0.005364
5.814283	0.004353	0.005170
5.820328	0.004545	0.004964
5.826373	0.004617	0.004775
5.832417	0.004635	0.004559
5.838462	0.004641	0.004511
5.844507	0.004670	0.004525
5.850552	0.004691	0.004612
5.856597	0.004691	0.004712
5.862641	0.004634	0.004812
5.868686	0.004719	0.004936
5.874731	0.004811	0.004945
5.880776	0.005015	0.004772
5.886820	0.005422	0.004586
5.892865	0.005779	0.004374
5.898910	0.005707	0.004077
5.904955	0.005601	0.003856
5.911000	0.005447	0.003820
5.917044	0.005136	0.003777
5.923089	0.004846	0.003690
5.929134	0.004783	0.003648
5.935179	0.004819	0.003613
5.941223	0.004909	0.003522
5.947268	0.005059	0.003548
5.953313	0.005294	0.003810
5.959358	0.005548	0.004145
5.965403	0.005466	0.004363
5.971447	0.005186	0.004532
5.977492	0.004812	0.004579
5.983537	0.004475	0.004465
5.989582	0.004178	0.004299
5.995626	0.004236	0.004399
6.001671	0.004426	0.004701
6.007716	0.004641	0.005061
6.013761	0.004857	0.005424
6.019806	0.005075	0.005690
6.025850	0.005172	0.005748
6.031895	0.004899	0.005561
6.037940	0.004622	0.005340
6.043985	0.000000	0.000000
6.050029	0.000000	0.000000
6.056074	0.000000	0.000000
6.062119	0.000000	0.000000
6.068164	0.000000	0.000000
6.074209	0.000000	0.000000
6.080253	0.000000	0.000000
6.086298	0.000000	0.000000
6.092343	0.000000	0.000000
6.098388	0.000000	0.000000
6.104432	0.000000	0.000000
6.110477	0.000000	0.000000
6.116522	0.000000	0.000000
6.122567	0.000000	0.000000
6.128612	0.000000	0.000000
6.134656	0.000000	0.000000
6.140701	0.000000	0.000000
6.146746	0.000000	0.000000
6.152791	0.000000	0.000000
6.158835	0.000000	0.000000
6.164880	0.000000	0.000000
6.170925	0.000000	0.000000
6.176970	0.000000	0.000000
6.183015	0.000000	0.000000
6.189059	0.000000	0.000000
6.195104	0.000000	0.000000
6.201149	0.000000	0.000000
6.207194	0.000000	0.000000
6.213238	0.000000	0.000000
6.219283	0.000000	0.000000
6.225328	0.000000	0.000000
6.231373	0.000000	0.000000
6.237418	0.000000	0.000000
6.243462	0.000000	0.000000
6.249507	0.000000	0.000000
6.255552	0.000000	0.000000
6.261597	0.000000	0.000000
6.267641	0.000000	0.000000
6.273686	0.000000	0.000000
6.279731	0.000000	0.000000
6.285776	0.000000	0.000000
6.291821	0.000000	0.000000
6.297865	0.000000	0.000000
6.303910	0.000000	0.000000
6.309955	0.000000	0.000000
6.316000	0.000000	0.000000
6.322044	0.000000	0.000000
6.328089	0.000000	0.000000
6.334134	0.000000	0.000000
6.340179	0.000000	0.000000
6.346224	0.000000	0.000000
6.352268	0.000000	0.000000
6.358313	0.000000	0.000000
6.364358	0.000000	0.000000
6.370403	0.000000	0.000000
6.376447	0.000000	0.000000
6.382492	0.000000	0.000000
6.388537	0.000000	0.000000
6.394582	0.000000	0.000000
6.400627	0.000000	0.000000
6.406671	0.000000	0.000000
6.412716	0.000000	0.000000
6.418761	0.000000	0.000000
6.424806	0.000000	0.000000
6.430850	0.000000	0.000000
6.436895	0.000000	0.000000
6.442940	0.000000	0.000000
6.448985	0.000000	0.000000
6.455030	0.000000	0.000000
6.461074	0.000000	0.000000
6.467119	0.000000	0.000000
6.473164	0.000000	0.000000
6.479209	0.000000	0.000000
6.485253	0.000000	0.000000
6.491298	0.000000	0.000000
6.497343	0.000000	0.000000
6.503388	0.000000	0.000000
6.509432	0.000000	0.000000
6.515477	0.000000	0.000000
6.521522	0.000000	0.000000
6.527567	0.000000	0.000000
6.533612	0.000000	0.000000
6.539656	0.000000	0.000000
6.545701	0.000000	0.000000
6.551746	0.000000	0.000000
6.557791	0.000000	0.000000
6.563835	0.000000	0.000000
6.569880	0.000000	0.000000
6.575925	0.000000	0.000000
6.581970	0.000000	0.000000
6.588015	0.000000	0.000000
6.594059	0.000000	0.000000
6.600104	0.000000	0.000000
6.606149	0.000000	0.000000
6.612194	0.000000	0.000000
6.618238	0.000000	0.000000
6.624283	0.000000	0.000000
6.630328	0.000000	0.000000
6.636373	0.000000	0.000000
6.642418	0.000000	0.000000
6.648462	0.000000	0.000000
6.654507	0.000000	0.000000
6.660552	0.000000	0.000000
6.666597	0.000000	0.000000
6.672641	0.000000	0.000000
6.678686	0.000000	0.000000
6.684731	0.000000	0.000000
6.690776	0.000000	0.000000
6.696821	0.000000	0.000000
6.702865	0.000000	0.000000
6.708910	0.000000	0.000000
6.714955	0.000000	0.000000
6.721000	0.000000	0.000000
6.727044	0.000000	0.000000
6.733089	0.000000	0.000000
6.739134	0.000000	0.000000
6.745179	0.000000	0.000000
6.751224	0.000000	0.000000
6.757268	0.000000	0.000000
6.763313	0.000000	0.000000
6.769358	0.000000	0.000000
6.775403	0.000000	0.000000
6.781447	0.000000	0.000000
6.787492	0.000000	0.000000
6.793537	0.000000	0.000000
6.799582	0.000000	0.000000
6.805627	0.000000	0.000000
6.811671	0.000000	0.000000
6.817716	0.000000	0.000000
6.823761	0.000000	0.000000
6.829806	0.000000	0.000000
6.835850	0.000000	0.000000
6.841895	0.000000	0.000000
6.847940	0.000000	0.000000
6.853985	0.000000	0.000000
6.860030	0.000000	0.000000
6.866074	0.000000	0.000000
6.872119	0.000000	0.000000
6.878164	0.000000	0.000000
6.884209	0.000000	0.000000
6.890253	0.000000	0.000000
6.896298	0.000000	0.000000
6.902343	0.000000	0.000000
6.908388	0.000000	0.000000
6.914433	0.000000	0.000000
6.920477	0.000000	0.000000
6.926522	0.000000	0.000000
6.932567	0.000000	0.000000
6.938612	0.000000	0.000000
6.944656	0.000000	0.000000
6.950701	0.000000	0.000000
6.956746	0.000000	0.000000
6.962791	0.000000	0.000000
6.968836	0.000000	0.000000
6.974880	0.000000	0.000000
6.980925	0.000000	0.000000
6.986970	0.000000	0.000000
6.993015	0.000000	0.000000
6.999059	0.000000	0.000000
7.005104	0.000000	0.000000
7.011149	0.000000	0.000000
7.017194	0.000000	0.000000
7.023239	0.000000	0.000000
7.029283	0.000000	0.000000
7.035328	0.000000	0.000000
7.041373	0.000000	0.000000
7.047418	0.000000	0.000000
7.053462	0.000000	0.000000
7.059507	0.000000	0.000000
7.065552	0.000000	0.000000
7.071597	0.000000	0.000000
7.077642	0.000000	0.000000
7.083686	0.000000	0.000000
7.089731	0.000000	0.000000
7.095776	0.000000	0.000000
7.101821	0.000000	0.000000
7.107865	0.000000	0.000000
7.113910	0.000000	0.000000
7.119955	0.000000	0.000000
7.126000	0.000000	0.000000
7.132045	0.000000	0.000000
7.138089	0.000000	0.000000
7.144134	0.000000	0.000000
7.150179	0.000000	0.000000
7.156224	0.000000	0.000000
7.162268	0.000000	0.000000
7.168313	0.000000	0.000000
7.174358	0.000000	0.000000
7.180403	0.000000	0.000000
7.186448	0.000000	0.000000
7.192492	0.000000	0.000000
7.198537	0.000000	0.000000
7.204582	0.000000	0.000000
7.210627	0.000000	0.000000
7.216671	0.000000	0.000000
7.222716	0.000000	0.000000
7.228761	0.000000	0.000000
7.234806	0.000000	0.000000
7.240850	0.000000	0.000000
7.246895	0.000000	0.000000
7.252940	0.000000	0.000000
7.258985	0.000000	0.000000
7.265030	0.000000	0.000000
7.271074	0.000000	0.000000
7.277119	0.000000	0.000000
7.283164	0.000000	0.000000
7.289209	0.000000	0.000000
7.295253	0.000000	0.000000
7.301298	0.000000	0.000000
7.307343	0.000000	0.000000
7.313388	0.000000	0.000000
7.319433	0.000000	0.000000
7.325477	0.000000	0.000000
7.331522	0.000000	0.000000
7.337567	0.000000	0.000000
7.343612	0.000000	0.000000
7.349656	0.000000	0.000000
7.355701	0.000000	0.000000
7.361746	0.000000	0.000000
7.367791	0.000000	0.000000
7.373836	0.000000	0.000000
7.379880	0.000000	0.000000
7.385925	0.000000	0.000000
7.391970	0.000000	0.000000
7.398015	0.000000	0.000000
7.404059	0.000000	0.000000
7.410104	0.000000	0.000000
7.416149	0.000000	0.000000
7.422194	0.000000	0.000000
7.428239	0.000000	0.000000
7.434283	0.000000	0.000000
7.440328	0.000000	0.000000
7.446373	0.000000	0.000000
7.452418	0.000000	0.000000
7.458462	0.000000	0.000000
7.464507	0.000000	0.000000
7.470552	0.000000	0.000000
7.476597	0.000000	0.000000
7.482642	0.000000	0.000000
7.488686	0.000000	0.000000
7.494731	0.000000	0.000000
7.500776	0.000000	0.000000
7.506821	0.000000	0.000000
7.512865	0.000000	0.000000
7.518910	0.000000	0.000000
7.524955	0.000000	0.000000
7.531000	0.000000	0.000000
7.537045	0.000000	0.000000
7.543089	0.000000	0.000000
7.549134	0.000000	0.000000
7.555179	0.000000	0.000000
7.561224	0.000000	0.000000
7.567268	0.000000	0.000000
7.573313	0.000000	0.000000
7.579358	0.000000	0.000000
7.585403	0.000000	0.000000
7.591448	0.000000	0.000000
7.597492	0.000000	0.000000
7.603537	0.000000	0.000000
7.609582	0.000000	0.000000
7.615627	0.000000	0.000000
7.621671	0.000000	0.000000
7.627716	0.000000	0.000000
7.633761	0.000000	0.000000
7.639806	0.000000	0.000000
7.645851	0.000000	0.000000
7.651895	0.000000	0.000000
7.657940	0.000000	0.000000
7.663985	0.000000	0.000000
7.670030	0.000000	0.000000
7.676074	0.000000	0.000000
7.682119	0.000000	0.000000
7.688164	0.000000	0.000000
7.694209	0.000000	0.000000
7.700254	0.000000	0.000000
7.706298	0.000000	0.000000
7.712343	0.000000	0.000000
7.718388	0.000000	0.000000
7.724433	0.000000	0.000000
7.730477	0.000000	0.000000
7.736522	0.000000	0.000000
7.742567	0.000000	0.000000
7.748612	0.000000	0.000000
7.754657	0.000000	0.000000
7.760701	0.000000	0.000000
7.766746	0.000000	0.000000
7.772791	0.000000	0.000000
7.778836	0.000000	0.000000
7.784880	0.000000	0.000000
7.790925	0.000000	0.000000
7.796970	0.000000	0.000000
7.803015	0.000000	0.000000
7.809060	0.000000	0.000000
7.815104	0.000000	0.000000
7.821149	0.000000	0.000000
7.827194	0.000000	0.000000
7.833239	0.000000	0.000000
7.839283	0.000000	0.000000
7.845328	0.000000	0.000000
7.851373	0.000000	0.000000
7.857418	0.000000	0.000000
7.863463	0.000000	0.000000
7.869507	0.000000	0.000000
7.875552	0.000000	0.000000
7.881597	0.000000	0.000000
7.887642	0.000000	0.000000
7.893686	0.000000	0.000000
7.899731	0.000000	0.000000
7.905776	0.000000	0.000000
7.911821	0.000000	0.000000
7.917865	0.000000	0.000000
7.923910	0.000000	0.000000
7.929955	0.000000	0.000000
7.936000	0.000000	0.000000
7.942045	0.000000	0.000000
7.948089	0.000000	0.000000
7.954134	0.000000	0.000000
7.960179	0.000000	0.000000
7.966224	0.000000	0.000000
7.972268	0.000000	0.000000
7.978313	0.000000	0.000000
7.984358	0.000000	0.000000
7.990403	0.000000	0.000000
7.996448	0.000000	0.000000
8.002492	0.000000	0.000000
8.008537	0.000000	0.000000
8.014582	0.000000	0.000000
8.020627	0.000000	0.000000
8.026671	0.000000	0.000000
8.032716	0.000000	0.000000
8.038761	0.000000	0.000000
8.044806	0.000000	0.000000
8.050851	0.000000	0.000000
8.056895	0.000000	0.000000
8.062940	0.000000	0.000000
8.068985	0.000000	0.000000
8.075030	0.000000	0.000000
8.081074	0.000000	0.000000
8.087119	0.000000	0.000000
8.093164	0.000000	0.000000
8.099209	0.000000	0.000000
8.105254	0.000000	0.000000
8.111298	0.000000	0.000000
8.117343	0.000000	0.000000
8.123388	0.000000	0.000000
8.129433	0.000000	0.000000
8.135477	0.000000	0.000000
8.141522	0.000000	0.000000
8.147567	0.000000	0.000000
8.153612	0.000000	0.000000
8.159657	0.000000	0.000000
8.165701	0.000000	0.000000
8.171746	0.000000	0.000000
8.177791	0.000000	0.000000
8.183836	0.000000	0.000000
8.189880	0.000000	0.000000
8.195925	0.000000	0.000000
8.201970	0.000000	0.000000
8.208015	0.000000	0.000000
8.214060	0.000000	0.000000
8.220104	0.000000	0.000000
8.226149	0.000000	0.000000
8.232194	0.000000	0.000000
8.238239	0.000000	0.000000
8.244283	0.000000	0.000000
8.250328	0.000000	0.000000
8.256373	0.000000	0.000000
8.262418	0.000000	0.000000
8.268463	0.000000	0.000000
8.274507	0.000000	0.000000
8.280552	0.000000	0.000000
8.286597	0.000000	0.000000
8.292642	0.000000	0.000000
8.298686	0.000000	0.000000
8.304731	0.000000	0.000000
8.310776	0.000000	0.000000
8.316821	0.000000	0.000000
8.322866	0.000000	0.000000
8.328910	0.000000	0.000000
8.334955	0.000000	0.000000
8.341000	0.000000	0.000000
8.347045	0.000000	0.000000
8.353089	0.000000	0.000000
8.359134	0.000000	0.000000
8.365179	0.000000	0.000000
8.371224	0.000000	0.000000
8.377269	0.000000	0.000000
8.383313	0.000000	0.000000
8.389358	0.000000	0.000000
8.395403	0.000000	0.000000
8.401448	0.000000	0.000000
8.407492	0.000000	0.000000
8.413537	0.000000	0.000000
8.419582	0.000000	0.000000
8.425627	0.000000	0.000000
8.431672	0.000000	0.000000
8.437716	0.000000	0.000000
8.443761	0.000000	0.000000
8.449806	0.000000	0.000000
8.455851	0.000000	0.000000
8.461895	0.000000	0.000000
8.467940	0.000000	0.000000
8.473985	0.000000	0.000000
8.480030	0.000000	0.000000
8.486075	0.000000	0.000000
8.492119	0.000000	0.000000
8.498164	0.000000	0.000000
