#Solvent Differentials
#Q(Ang^(-1)   DS/DT     DS/Drho
0.005253	0.000000	0.000000
0.011297	0.000000	0.000000
0.017342	0.000000	0.000000
0.023387	0.000000	0.000000
0.029432	0.000000	0.000000
0.035477	0.000000	0.000000
0.041521	0.000000	0.000000
0.047566	0.000000	0.000000
0.053611	0.000000	0.000000
0.059656	0.000000	0.000000
0.065700	0.000000	0.000000
0.071745	0.000000	0.000000
0.077790	0.000000	0.000000
0.083835	0.000000	0.000000
0.089880	0.000000	0.000000
0.095924	0.000000	0.000000
0.101969	0.000000	0.000000
0.108014	0.000000	0.000000
0.114059	0.000000	0.000000
0.120103	0.000000	0.000000
0.126148	0.000000	0.000000
0.132193	0.000000	0.000000
0.138238	0.000000	0.000000
0.144283	0.000000	0.000000
0.150327	0.000000	0.000000
0.156372	0.000000	0.000000
0.162417	0.000000	0.000000
0.168462	0.000000	0.000000
0.174506	0.000000	0.000000
0.180551	0.000000	0.000000
0.186596	0.000000	0.000000
0.192641	0.000000	0.000000
0.198685	0.000000	0.000000
0.204730	0.000000	0.000000
0.210775	0.000000	0.000000
0.216820	0.000000	0.000000
0.222865	0.000000	0.000000
0.228909	0.000000	0.000000
0.234954	0.000000	0.000000
0.240999	0.000000	0.000000
0.247044	0.000000	0.000000
0.253088	0.000000	0.000000
0.259133	0.000000	0.000000
0.265178	0.000000	0.000000
0.271223	0.000000	0.000000
0.277268	0.000000	0.000000
0.283312	0.000000	0.000000
0.289357	0.000000	0.000000
0.295402	0.000000	0.000000
0.301447	0.000000	0.000000
0.307491	0.000000	0.000000
0.313536	0.000000	0.000000
0.319581	0.000000	0.000000
0.325626	0.000000	0.000000
0.331671	0.000000	0.000000
0.337715	0.000000	0.000000
0.343760	0.000000	0.000000
0.349805	0.000000	0.000000
0.355850	0.000000	0.000000
0.361894	0.000000	0.000000
0.367939	-0.209188	-1.055823
0.373984	-0.192995	-1.026498
0.380029	-0.214019	-1.039786
0.386074	-0.208528	-1.018441
0.392118	-0.216289	-1.021687
0.398163	-0.197177	-1.013715
0.404208	-0.217782	-1.016758
0.410253	-0.215702	-1.046842
0.416297	-0.227861	-1.039627
0.422342	-0.241959	-1.040680
0.428387	-0.238134	-1.038235
0.434432	-0.226956	-1.019006
0.440477	-0.245304	-1.029075
0.446521	-0.227182	-1.022827
0.452566	-0.218568	-1.042187
0.458611	-0.244798	-1.031645
0.464656	-0.257074	-1.054000
0.470700	-0.261012	-1.042043
0.476745	-0.279439	-1.063122
0.482790	-0.247419	-1.028016
0.488835	-0.228079	-1.025143
0.494880	-0.238797	-1.047072
0.500924	-0.232736	-1.038716
0.506969	-0.237377	-1.060237
0.513014	-0.248043	-1.037611
0.519059	-0.226013	-1.030977
0.525103	-0.254462	-1.032579
0.531148	-0.261418	-1.054922
0.537193	-0.272428	-1.081008
0.543238	-0.258067	-1.075179
0.549283	-0.259561	-1.074726
0.555327	-0.242961	-1.066072
0.561372	-0.248806	-1.047243
0.567417	-0.224847	-1.051037
0.573462	-0.228547	-1.051228
0.579506	-0.227492	-1.051369
0.585551	-0.202014	-1.041063
0.591596	-0.221372	-1.054671
0.597641	-0.207320	-1.054766
0.603686	-0.218195	-1.063793
0.609730	-0.181468	-1.049412
0.615775	-0.188236	-1.060105
0.621820	-0.183048	-1.055990
0.627865	-0.168782	-1.049266
0.633909	-0.185987	-1.060198
0.639954	-0.181058	-1.064148
0.645999	-0.186371	-1.078299
0.652044	-0.192699	-1.080670
0.658089	-0.169504	-1.096254
0.664133	-0.154953	-1.080831
0.670178	-0.159000	-1.077954
0.676223	-0.131551	-1.059190
0.682268	-0.143183	-1.058199
0.688312	-0.137097	-1.059078
0.694357	-0.113631	-1.056590
0.700402	-0.110580	-1.075603
0.706447	-0.123373	-1.097827
0.712492	-0.096946	-1.092228
0.718536	-0.110132	-1.100348
0.724581	-0.121653	-1.123363
0.730626	-0.123493	-1.133066
0.736671	-0.115243	-1.138776
0.742715	-0.111487	-1.155907
0.748760	-0.094632	-1.172585
0.754805	-0.072961	-1.168647
0.760850	-0.056778	-1.167708
0.766895	-0.037317	-1.179878
0.772939	-0.035770	-1.192100
0.778984	-0.013309	-1.206994
0.785029	-0.000540	-1.203303
0.791074	0.009871	-1.221629
0.797118	-0.010746	-1.244749
0.803163	-0.004626	-1.241216
0.809208	-0.011379	-1.268316
0.815253	-0.002448	-1.281062
0.821298	0.019731	-1.302507
0.827342	0.017264	-1.301497
0.833387	0.040584	-1.295410
0.839432	0.045166	-1.316217
0.845477	0.080400	-1.328940
0.851521	0.088862	-1.343050
0.857566	0.113507	-1.361882
0.863611	0.106261	-1.396743
0.869656	0.106618	-1.414226
0.875701	0.133432	-1.418849
0.881745	0.116219	-1.444643
0.887790	0.138533	-1.439083
0.893835	0.130459	-1.468998
0.899880	0.165826	-1.476867
0.905924	0.176859	-1.504757
0.911969	0.200590	-1.540349
0.918014	0.203251	-1.538391
0.924059	0.210160	-1.567299
0.930103	0.211021	-1.599042
0.936148	0.209993	-1.634515
0.942193	0.219488	-1.662594
0.948238	0.238299	-1.688660
0.954283	0.258522	-1.728540
0.960327	0.261212	-1.760690
0.966372	0.276909	-1.798280
0.972417	0.296645	-1.822249
0.978462	0.303885	-1.842410
0.984506	0.330316	-1.890167
0.990551	0.337598	-1.923738
0.996596	0.357748	-1.988828
1.002641	0.384194	-2.027872
1.008686	0.395926	-2.072040
1.014730	0.406309	-2.142556
1.020775	0.420517	-2.190249
1.026820	0.455920	-2.243360
1.032865	0.493085	-2.299138
1.038909	0.497101	-2.359867
1.044954	0.527151	-2.402358
1.050999	0.515640	-2.489738
1.057044	0.541773	-2.554549
1.063089	0.555184	-2.609108
1.069133	0.570843	-2.691398
1.075178	0.582527	-2.745351
1.081223	0.602586	-2.837037
1.087268	0.603084	-2.907724
1.093312	0.628237	-2.991990
1.099357	0.632270	-3.057837
1.105402	0.646647	-3.142305
1.111447	0.678758	-3.183791
1.117492	0.627459	-3.295147
1.123536	0.652082	-3.346987
1.129581	0.592574	-3.444767
1.135626	0.573145	-3.513654
1.141671	0.585590	-3.560554
1.147715	0.592307	-3.601889
1.153760	0.574832	-3.637379
1.159805	0.566396	-3.674439
1.165850	0.477806	-3.708162
1.171895	0.484402	-3.694682
1.177939	0.375536	-3.672712
1.183984	0.304076	-3.633195
1.190029	0.191250	-3.601753
1.196074	0.086302	-3.466754
1.202118	-0.012544	-3.357965
1.208163	-0.101985	-3.180180
1.214208	-0.224501	-2.964522
1.220253	-0.352454	-2.740661
1.226298	-0.483210	-2.451904
1.232342	-0.620919	-2.184315
1.238387	-0.739144	-1.849150
1.244432	-0.831027	-1.504356
1.250477	-0.915922	-1.159448
1.256521	-1.011649	-0.774350
1.262566	-1.100217	-0.425120
1.268611	-1.182737	-0.083230
1.274656	-1.231168	0.235956
1.280701	-1.308465	0.552743
1.286745	-1.329578	0.854244
1.292790	-1.335968	1.065460
1.298835	-1.279336	1.335413
1.304880	-1.226949	1.484371
1.310924	-1.196819	1.597642
1.316969	-1.117499	1.716514
1.323014	-1.022461	1.755046
1.329059	-0.949964	1.804496
1.335104	-0.889066	1.782855
1.341148	-0.792900	1.785794
1.347193	-0.701616	1.721994
1.353238	-0.629002	1.694439
1.359283	-0.570463	1.610215
1.365327	-0.515137	1.551835
1.371372	-0.464426	1.468956
1.377417	-0.371665	1.390803
1.383462	-0.327201	1.295215
1.389507	-0.273713	1.212611
1.395551	-0.207754	1.137939
1.401596	-0.159664	1.055377
1.407641	-0.098006	0.994272
1.413686	-0.083891	0.896946
1.419730	-0.046156	0.844493
1.425775	-0.018914	0.778276
1.431820	-0.004315	0.709589
1.437865	0.039560	0.660367
1.443910	0.053644	0.595851
1.449954	0.068671	0.546751
1.455999	0.106044	0.500749
1.462044	0.103953	0.447560
1.468089	0.106555	0.408787
1.474133	0.122436	0.373636
1.480178	0.122954	0.347915
1.486223	0.128529	0.300644
1.492268	0.114513	0.261119
1.498313	0.104243	0.229127
1.504357	0.095936	0.186180
1.510402	0.110927	0.180868
1.516447	0.094967	0.157362
1.522492	0.080279	0.122427
1.528536	0.098532	0.105905
1.534581	0.105884	0.102521
1.540626	0.112255	0.090868
1.546671	0.111869	0.078908
1.552716	0.130543	0.065490
1.558760	0.113779	0.048008
1.564805	0.111267	0.038847
1.570850	0.101271	0.030659
1.576895	0.088128	-0.006376
1.582939	0.110129	-0.001156
1.588984	0.121536	-0.018010
1.595029	0.121640	-0.023300
1.601074	0.137216	-0.016439
1.607118	0.131632	-0.028158
1.613163	0.133283	-0.030714
1.619208	0.124338	-0.035247
1.625253	0.142131	-0.030557
1.631298	0.138487	-0.036079
1.637342	0.128654	-0.051568
1.643387	0.125650	-0.044415
1.649432	0.127950	-0.038129
1.655477	0.122074	-0.058047
1.661521	0.118947	-0.055253
1.667566	0.109155	-0.060854
1.673611	0.112394	-0.077569
1.679656	0.107081	-0.083323
1.685701	0.107331	-0.099737
1.691745	0.095848	-0.089192
1.697790	0.074384	-0.100859
1.703835	0.069768	-0.108024
1.709880	0.061486	-0.094080
1.715924	0.052869	-0.102828
1.721969	0.060345	-0.090920
1.728014	0.053630	-0.103737
1.734059	0.051151	-0.094864
1.740104	0.060052	-0.087687
1.746148	0.045741	-0.106954
1.752193	0.065246	-0.104209
1.758238	0.052228	-0.107723
1.764283	0.054823	-0.107753
1.770327	0.046674	-0.110487
1.776372	0.049157	-0.105834
1.782417	0.050811	-0.104640
1.788462	0.057545	-0.101787
1.794507	0.067311	-0.103791
1.800551	0.050952	-0.101910
1.806596	0.049015	-0.116646
1.812641	0.045963	-0.104852
1.818686	0.025841	-0.118892
1.824730	0.013681	-0.126959
1.830775	0.018790	-0.104992
1.836820	0.000234	-0.110579
1.842865	0.016371	-0.105688
1.848910	-0.008418	-0.123164
1.854954	0.011146	-0.124850
1.860999	0.008280	-0.129549
1.867044	-0.000374	-0.128661
1.873089	0.013904	-0.112187
1.879133	0.005151	-0.126230
1.885178	0.019220	-0.118250
1.891223	0.025482	-0.098070
1.897268	0.024037	-0.097081
1.903313	-0.002088	-0.104789
1.909357	-0.016502	-0.105123
1.915402	-0.028830	-0.108766
1.921447	-0.026449	-0.088797
1.927492	-0.028714	-0.064422
1.933536	-0.028577	-0.063662
1.939581	-0.034582	-0.056365
1.945626	-0.044264	-0.065815
1.951671	-0.047516	-0.060965
1.957716	-0.051434	-0.074721
1.963760	-0.066712	-0.059744
1.969805	-0.064720	-0.056202
1.975850	-0.071158	-0.057551
1.981895	-0.069664	-0.048505
1.987939	-0.098135	-0.056172
1.993984	-0.108316	-0.049973
2.000029	-0.109278	-0.039402
2.006074	-0.120078	-0.033700
2.012119	-0.127318	-0.008340
2.018163	-0.139966	0.009164
2.024208	-0.175107	0.017874
2.030253	-0.196551	0.025896
2.036298	-0.195327	0.049486
2.042342	-0.209319	0.069480
2.048387	-0.202068	0.082491
2.054432	-0.223436	0.104266
2.060477	-0.210349	0.131624
2.066522	-0.223152	0.155180
2.072566	-0.254845	0.180360
2.078611	-0.278818	0.199063
2.084656	-0.301292	0.208950
2.090701	-0.322699	0.227855
2.096745	-0.311877	0.243751
2.102790	-0.308610	0.278308
2.108835	-0.317424	0.306258
2.114880	-0.334287	0.340939
2.120925	-0.365884	0.370506
2.126969	-0.365471	0.406881
2.133014	-0.394726	0.439053
2.139059	-0.380620	0.488459
2.145104	-0.419876	0.515572
2.151148	-0.412471	0.540888
2.157193	-0.437226	0.567280
2.163238	-0.433781	0.607808
2.169283	-0.430675	0.655637
2.175328	-0.432439	0.672745
2.181372	-0.425208	0.701468
2.187417	-0.411984	0.723692
2.193462	-0.418927	0.753018
2.199507	-0.414135	0.776164
2.205551	-0.415835	0.803719
2.211596	-0.444924	0.839364
2.217641	-0.436814	0.858745
2.223686	-0.434436	0.871052
2.229731	-0.408830	0.907119
2.235775	-0.393243	0.898209
2.241820	-0.387863	0.915075
2.247865	-0.377685	0.927025
2.253910	-0.358320	0.942474
2.259954	-0.328130	0.959607
2.265999	-0.328023	0.938464
2.272044	-0.304101	0.947670
2.278089	-0.263925	0.953029
2.284134	-0.253879	0.929266
2.290178	-0.195677	0.950219
2.296223	-0.199439	0.923888
2.302268	-0.161820	0.907210
2.308313	-0.156422	0.885788
2.314357	-0.134112	0.864589
2.320402	-0.120228	0.858339
2.326447	-0.112247	0.841236
2.332492	-0.094904	0.822959
2.338536	-0.044467	0.821304
2.344581	-0.034355	0.776228
2.350626	0.023506	0.769525
2.356671	0.009544	0.726252
2.362716	0.050044	0.697790
2.368760	0.065283	0.684479
2.374805	0.085220	0.640556
2.380850	0.103601	0.622351
2.386895	0.105850	0.594349
2.392939	0.133806	0.589220
2.398984	0.141739	0.545829
2.405029	0.167763	0.518050
2.411074	0.188841	0.487527
2.417119	0.205320	0.473904
2.423163	0.198836	0.444123
2.429208	0.210284	0.433463
2.435253	0.204943	0.390333
2.441298	0.218621	0.370631
2.447342	0.223064	0.344293
2.453387	0.235644	0.322323
2.459432	0.230656	0.311715
2.465477	0.250332	0.276139
2.471522	0.250382	0.264693
2.477566	0.269422	0.250740
2.483611	0.277094	0.224990
2.489656	0.270875	0.209787
2.495701	0.298770	0.208246
2.501745	0.294962	0.184517
2.507790	0.307786	0.160829
2.513835	0.318225	0.147186
2.519880	0.306315	0.109935
2.525925	0.305658	0.087347
2.531969	0.303939	0.076131
2.538014	0.295817	0.053615
2.544059	0.300046	0.047674
2.550104	0.278049	0.027480
2.556148	0.299178	0.018969
2.562193	0.296886	0.009493
2.568238	0.315660	0.000386
2.574283	0.309359	-0.013263
2.580328	0.309507	-0.029480
2.586372	0.309904	-0.038430
2.592417	0.312349	-0.041364
2.598462	0.314929	-0.062163
2.604507	0.306126	-0.081736
2.610551	0.301728	-0.097467
2.616596	0.306790	-0.110535
2.622641	0.311101	-0.116255
2.628686	0.300003	-0.123753
2.634731	0.302847	-0.130030
2.640775	0.283739	-0.143664
2.646820	0.285560	-0.156382
2.652865	0.290011	-0.163540
2.658910	0.285934	-0.169623
2.664954	0.280840	-0.180551
2.670999	0.284401	-0.163884
2.677044	0.271106	-0.176701
2.683089	0.268317	-0.182699
2.689134	0.269360	-0.185841
2.695178	0.274723	-0.193991
2.701223	0.269418	-0.202740
2.707268	0.274123	-0.212962
2.713313	0.274389	-0.221871
2.719357	0.274521	-0.222092
2.725402	0.271514	-0.216287
2.731447	0.271084	-0.222938
2.737492	0.271094	-0.217842
2.743537	0.251239	-0.238749
2.749581	0.263820	-0.234074
2.755626	0.242327	-0.236814
2.761671	0.231133	-0.245324
2.767716	0.242065	-0.242833
2.773760	0.218620	-0.259566
2.779805	0.222038	-0.261225
2.785850	0.219957	-0.264399
2.791895	0.219574	-0.260568
2.797940	0.228949	-0.270808
2.803984	0.222520	-0.282178
2.810029	0.208141	-0.279582
2.816074	0.206686	-0.296864
2.822119	0.188556	-0.285813
2.828163	0.193906	-0.286276
2.834208	0.187270	-0.288743
2.840253	0.171820	-0.284841
2.846298	0.163005	-0.295689
2.852343	0.165426	-0.275273
2.858387	0.163840	-0.286307
2.864432	0.157665	-0.279465
2.870477	0.157740	-0.285772
2.876522	0.147205	-0.283375
2.882566	0.139638	-0.281269
2.888611	0.124463	-0.291815
2.894656	0.117884	-0.278341
2.900701	0.109901	-0.287848
2.906746	0.113133	-0.273528
2.912790	0.119019	-0.275015
2.918835	0.102824	-0.275126
2.924880	0.103462	-0.275688
2.930925	0.092367	-0.272910
2.936969	0.094051	-0.271032
2.943014	0.088667	-0.260100
2.949059	0.091198	-0.257558
2.955104	0.089201	-0.254641
2.961149	0.071586	-0.252318
2.967193	0.053822	-0.265807
2.973238	0.048914	-0.249566
2.979283	0.033747	-0.265482
2.985328	0.044706	-0.244062
2.991372	0.046607	-0.238078
2.997417	0.033155	-0.233425
3.003462	0.020929	-0.236806
3.009507	0.010992	-0.233391
3.015551	0.013957	-0.223943
3.021596	0.004803	-0.228174
3.027641	0.004326	-0.232579
3.033686	-0.007605	-0.228660
3.039731	-0.022065	-0.230925
3.045775	-0.019564	-0.211977
3.051820	-0.035118	-0.203148
3.057865	-0.047533	-0.193216
3.063910	-0.057311	-0.189955
3.069954	-0.054028	-0.190095
3.075999	-0.055823	-0.188535
3.082044	-0.068028	-0.174122
3.088089	-0.075045	-0.175986
3.094134	-0.090399	-0.161303
3.100178	-0.092305	-0.151996
3.106223	-0.099806	-0.146703
3.112268	-0.096374	-0.133629
3.118313	-0.110179	-0.131805
3.124357	-0.131346	-0.126242
3.130402	-0.136100	-0.121607
3.136447	-0.136402	-0.103905
3.142492	-0.146929	-0.099741
3.148537	-0.146034	-0.082068
3.154581	-0.138244	-0.076314
3.160626	-0.152257	-0.081496
3.166671	-0.151333	-0.074296
3.172716	-0.150046	-0.058366
3.178760	-0.160329	-0.056652
3.184805	-0.166873	-0.047267
3.190850	-0.161564	-0.032044
3.196895	-0.168719	-0.025108
3.202940	-0.181251	-0.018753
3.208984	-0.190180	-0.005139
3.215029	-0.202703	-0.005491
3.221074	-0.211108	0.005920
3.227119	-0.203961	0.018595
3.233163	-0.202143	0.025737
3.239208	-0.196554	0.044408
3.245253	-0.192426	0.045547
3.251298	-0.194055	0.049811
3.257343	-0.205282	0.058423
3.263387	-0.199149	0.061067
3.269432	-0.192826	0.074018
3.275477	-0.194435	0.075557
3.281522	-0.196424	0.068900
3.287566	-0.207660	0.074848
3.293611	-0.196384	0.088010
3.299656	-0.202445	0.087275
3.305701	-0.221286	0.098682
3.311746	-0.207292	0.108374
3.317790	-0.212347	0.119385
3.323835	-0.207404	0.114384
3.329880	-0.214643	0.120514
3.335925	-0.210671	0.121013
3.341969	-0.193998	0.129812
3.348014	-0.191827	0.122941
3.354059	-0.194759	0.124367
3.360104	-0.188691	0.127516
3.366149	-0.188325	0.122118
3.372193	-0.180521	0.128512
3.378238	-0.176681	0.133053
3.384283	-0.163576	0.141522
3.390328	-0.155984	0.140570
3.396372	-0.144535	0.138297
3.402417	-0.154992	0.135026
3.408462	-0.142705	0.142685
3.414507	-0.133331	0.139980
3.420552	-0.135667	0.141161
3.426596	-0.131110	0.133843
3.432641	-0.132663	0.134031
3.438686	-0.116107	0.136083
3.444731	-0.127014	0.122574
3.450775	-0.124148	0.120765
3.456820	-0.128406	0.122701
3.462865	-0.117849	0.123497
3.468910	-0.102987	0.130561
3.474955	-0.093510	0.132862
3.480999	-0.093330	0.130019
3.487044	-0.089321	0.116982
3.493089	-0.080769	0.116449
3.499134	-0.075563	0.113955
3.505178	-0.067261	0.114098
3.511223	-0.085458	0.103292
3.517268	-0.082995	0.101429
3.523313	-0.072766	0.102923
3.529358	-0.083972	0.095276
3.535402	-0.077348	0.087541
3.541447	-0.072831	0.084073
3.547492	-0.062618	0.076861
3.553537	-0.071096	0.074894
3.559581	-0.065918	0.081722
3.565626	-0.065191	0.074815
3.571671	-0.052442	0.082218
3.577716	-0.042054	0.089492
3.583761	-0.036600	0.085406
3.589805	-0.019736	0.085744
3.595850	-0.019514	0.080282
3.601895	-0.023317	0.081126
3.607940	-0.027069	0.083737
3.613984	-0.031329	0.081682
3.620029	-0.027969	0.082935
3.626074	-0.036663	0.083563
3.632119	-0.035667	0.078844
3.638164	-0.037769	0.076603
3.644208	-0.053561	0.066045
3.650253	-0.049417	0.064772
3.656298	-0.044394	0.066114
3.662343	-0.032466	0.065495
3.668387	-0.027094	0.067938
3.674432	-0.024278	0.061634
3.680477	-0.021806	0.059425
3.686522	-0.017353	0.062637
3.692567	-0.017304	0.047630
3.698611	-0.011957	0.051554
3.704656	-0.013292	0.051641
3.710701	-0.011365	0.055874
3.716746	-0.014648	0.058186
3.722790	-0.004984	0.058280
3.728835	-0.011962	0.055372
3.734880	-0.010964	0.064175
3.740925	-0.016225	0.058807
3.746969	-0.020681	0.056080
3.753014	-0.020538	0.049622
3.759059	-0.017805	0.055141
3.765104	-0.012181	0.058524
3.771149	-0.019380	0.055029
3.777193	-0.015503	0.053399
3.783238	-0.030896	0.041619
3.789283	-0.022745	0.040662
3.795328	-0.031267	0.046560
3.801372	-0.026086	0.052059
3.807417	-0.030322	0.045168
3.813462	-0.033856	0.045077
3.819507	-0.028908	0.048283
3.825552	-0.022284	0.052389
3.831596	-0.018487	0.055112
3.837641	-0.019800	0.055443
3.843686	-0.011025	0.051699
3.849731	-0.006753	0.056146
3.855775	-0.012872	0.050652
3.861820	-0.012883	0.051310
3.867865	-0.013035	0.049714
3.873910	-0.019169	0.047087
3.879955	-0.019164	0.041453
3.885999	-0.013022	0.042918
3.892044	-0.016086	0.038778
3.898089	-0.009198	0.042971
3.904134	-0.012464	0.042471
3.910178	-0.014843	0.045592
3.916223	-0.015085	0.048332
3.922268	-0.014623	0.043973
3.928313	-0.010089	0.039210
3.934358	-0.009819	0.048777
3.940402	-0.017111	0.047320
3.946447	-0.023315	0.042329
3.952492	-0.014721	0.046800
3.958537	-0.014000	0.048397
3.964581	-0.016647	0.043859
3.970626	-0.017230	0.045842
3.976671	-0.015873	0.049797
3.982716	-0.011307	0.055697
3.988761	0.005705	0.061517
3.994805	0.003950	0.055557
4.000850	0.000866	0.046410
4.006895	0.005394	0.044294
4.012940	0.000102	0.040675
4.018984	0.009613	0.037294
4.025029	0.010624	0.038471
4.031074	0.004832	0.041613
4.037119	0.009489	0.038108
4.043164	0.012207	0.043648
4.049208	0.007108	0.043311
4.055253	0.003486	0.033773
4.061298	0.007179	0.034216
4.067343	0.005646	0.033723
4.073387	0.010003	0.029755
4.079432	0.007054	0.030814
4.085477	0.021618	0.033767
4.091522	0.022624	0.035205
4.097567	0.027049	0.036451
4.103611	0.022704	0.029512
4.109656	0.023366	0.027709
4.115701	0.012793	0.029529
4.121746	0.000095	0.026966
4.127790	0.013670	0.031602
4.133835	0.017990	0.032977
4.139880	0.026457	0.031830
4.145925	0.028580	0.034197
4.151970	0.023947	0.036946
4.158014	0.030213	0.041065
4.164059	0.022405	0.036529
4.170104	0.034884	0.036880
4.176149	0.029348	0.026018
4.182193	0.032271	0.026738
4.188238	0.043723	0.032867
4.194283	0.035021	0.027589
4.200328	0.033254	0.021989
4.206373	0.038000	0.014792
4.212417	0.030495	0.015831
4.218462	0.031540	0.012161
4.224507	0.031010	0.011838
4.230552	0.025215	0.003896
4.236596	0.027521	-0.004352
4.242641	0.023701	-0.003928
4.248686	0.036939	-0.000511
4.254731	0.038134	0.002377
4.260776	0.037474	0.008750
4.266820	0.030391	0.007092
4.272865	0.034265	0.015434
4.278910	0.035871	0.024884
4.284955	0.032567	0.019843
4.290999	0.026940	0.014376
4.297044	0.030242	0.015113
4.303089	0.035888	0.014464
4.309134	0.042768	0.021443
4.315179	0.037228	0.015712
4.321223	0.048380	0.019191
4.327268	0.051382	0.014375
4.333313	0.046526	0.009614
4.339358	0.040721	0.008945
4.345402	0.037117	0.006073
4.351447	0.036046	0.006692
4.357492	0.045596	0.006488
4.363537	0.039979	0.009561
4.369582	0.035281	0.010480
4.375626	0.040542	0.009324
4.381671	0.046061	0.015787
4.387716	0.044664	0.013385
4.393761	0.050042	0.013527
4.399805	0.053462	0.012099
4.405850	0.051542	0.014493
4.411895	0.054899	0.017261
4.417940	0.061618	0.015051
4.423984	0.063414	0.016863
4.430029	0.057038	0.015761
4.436074	0.052112	0.020765
4.442119	0.050223	0.019794
4.448164	0.048162	0.026660
4.454208	0.044214	0.024098
4.460253	0.034654	0.022110
4.466298	0.033217	0.020108
4.472343	0.033004	0.006380
4.478387	0.043602	0.009346
4.484432	0.047670	0.006253
4.490477	0.053030	0.014555
4.496522	0.044737	0.017605
4.502567	0.048975	0.019672
4.508611	0.051702	0.024199
4.514656	0.052287	0.027710
4.520701	0.039434	0.018981
4.526746	0.044532	0.017915
4.532790	0.037984	0.014046
4.538835	0.025779	0.007766
4.544880	0.035462	0.010274
4.550925	0.035697	0.008838
4.556970	0.033353	0.008594
4.563014	0.031540	0.008267
4.569059	0.020431	0.005021
4.575104	0.028706	0.004993
4.581149	0.037445	0.008302
4.587193	0.043281	0.009202
4.593238	0.036242	0.009965
4.599283	0.025359	0.001779
4.605328	0.038997	0.007954
4.611373	0.038162	0.007426
4.617417	0.048884	0.011039
4.623462	0.049269	0.003561
4.629507	0.049710	0.008127
4.635552	0.041601	0.001943
4.641596	0.040869	-0.003512
4.647641	0.041045	-0.001985
4.653686	0.035429	-0.003794
4.659731	0.025300	-0.003578
4.665776	0.028434	-0.009904
4.671820	0.026402	-0.015337
4.677865	0.029495	-0.019702
4.683910	0.034335	-0.009665
4.689955	0.027353	-0.014652
4.695999	0.032533	-0.005899
4.702044	0.026729	-0.007305
4.708089	0.024611	-0.006388
4.714134	0.017146	-0.011096
4.720179	0.014167	-0.015484
4.726223	0.010431	-0.011396
4.732268	0.015070	-0.004701
4.738313	0.027036	0.001896
4.744358	0.024367	-0.000950
4.750402	0.019302	-0.005304
4.756447	0.024535	-0.008293
4.762492	0.019015	-0.015920
4.768537	0.017438	-0.016477
4.774582	0.008660	-0.017816
4.780626	0.008775	-0.018747
4.786671	0.016470	-0.018675
4.792716	0.002795	-0.017622
4.798761	-0.006372	-0.021257
4.804805	-0.011090	-0.028365
4.810850	-0.010184	-0.031322
4.816895	-0.004065	-0.033470
4.822940	0.008568	-0.029441
4.828985	0.011732	-0.031034
4.835029	0.001915	-0.033590
4.841074	0.003422	-0.031496
4.847119	0.001717	-0.030885
4.853164	0.000525	-0.030287
4.859208	0.007348	-0.024790
4.865253	-0.005417	-0.026885
4.871298	-0.010580	-0.028883
4.877343	-0.006328	-0.023439
4.883388	-0.014834	-0.021232
4.889432	-0.015806	-0.024198
4.895477	-0.012022	-0.021382
4.901522	-0.005410	-0.026515
4.907567	-0.007204	-0.025925
4.913611	0.002776	-0.022361
4.919656	0.002532	-0.021229
4.925701	-0.014924	-0.027869
4.931746	-0.021955	-0.022731
4.937791	-0.025886	-0.026781
4.943835	-0.027918	-0.027545
4.949880	-0.033410	-0.021054
4.955925	-0.026558	-0.023160
4.961970	-0.027120	-0.023998
4.968014	-0.021859	-0.024529
4.974059	-0.021103	-0.022953
4.980104	-0.020983	-0.027791
4.986149	-0.014161	-0.021951
4.992194	-0.020738	-0.020526
4.998238	-0.031782	-0.023361
5.004283	-0.034318	-0.025202
5.010328	-0.038401	-0.022199
5.016373	-0.039125	-0.020226
5.022417	-0.040866	-0.024808
5.028462	-0.034130	-0.028616
5.034507	-0.024735	-0.024674
5.040552	-0.029280	-0.019365
5.046597	-0.032355	-0.022465
5.052641	-0.040746	-0.024993
5.058686	-0.037769	-0.018756
5.064731	-0.036493	-0.005756
5.070776	-0.035810	-0.008868
5.076820	-0.041570	-0.007663
5.082865	-0.042141	-0.014154
5.088910	-0.044734	-0.015161
5.094955	-0.050701	-0.018315
5.100999	-0.054534	-0.020983
5.107044	-0.058857	-0.017125
5.113089	-0.059203	-0.025563
5.119134	-0.054671	-0.024306
5.125179	-0.049261	-0.020614
5.131223	-0.043357	-0.019449
5.137268	-0.051476	-0.018994
5.143313	-0.052202	-0.019634
5.149358	-0.055214	-0.016472
5.155402	-0.061343	-0.019932
5.161447	-0.059102	-0.008652
5.167492	-0.068547	-0.021646
5.173537	-0.062524	-0.022778
5.179582	-0.054251	-0.009749
5.185626	-0.053435	-0.008785
5.191671	-0.049790	-0.004150
5.197716	-0.052493	-0.001434
5.203761	-0.055916	0.000243
5.209805	-0.055658	-0.006313
5.215850	-0.057635	-0.014990
5.221895	-0.048883	-0.007718
5.227940	-0.045097	-0.005469
5.233985	-0.050956	0.004793
5.240029	-0.062423	0.002335
5.246074	-0.062392	0.005350
5.252119	-0.067376	-0.002783
5.258164	-0.058718	-0.004949
5.264208	-0.059858	0.000228
5.270253	-0.067856	-0.002431
5.276298	-0.067814	0.001244
5.282343	-0.067427	0.000861
5.288388	-0.064835	-0.002612
5.294432	-0.055681	-0.006279
5.300477	-0.053203	-0.003134
5.306522	-0.054012	0.001504
5.312567	-0.062129	-0.003322
5.318611	-0.063552	0.002219
5.324656	-0.057877	0.003259
5.330701	-0.067099	0.004131
5.336746	-0.068045	0.011811
5.342791	-0.067564	0.010336
5.348835	-0.065898	0.003066
5.354880	-0.066181	0.005857
5.360925	-0.061503	0.011387
5.366970	-0.060440	0.011457
5.373014	-0.051429	0.004461
5.379059	-0.049397	0.000934
5.385104	-0.053094	0.002561
5.391149	-0.051501	0.007667
5.397194	-0.040082	0.004390
5.403238	-0.039001	0.008895
5.409283	-0.042939	0.010971
5.415328	-0.047074	0.004542
5.421373	-0.038974	0.007425
5.427417	-0.030725	0.006485
5.433462	-0.031424	-0.000544
5.439507	-0.028636	0.003140
5.445552	-0.029224	0.000560
5.451597	-0.036938	0.002149
5.457641	-0.035056	0.004853
5.463686	-0.032509	0.006551
5.469731	-0.031000	0.008177
5.475776	-0.023587	0.003189
5.481820	-0.017489	0.002758
5.487865	-0.020024	0.001274
5.493910	-0.028174	0.002070
5.499955	-0.031525	0.004355
5.506000	-0.033345	0.009496
5.512044	-0.029042	0.005377
5.518089	-0.017168	0.006464
5.524134	-0.018480	0.003670
5.530179	-0.021520	0.001269
5.536223	-0.022823	0.000104
5.542268	-0.023529	0.000025
5.548313	-0.020957	0.001939
5.554358	-0.015297	0.000553
5.560403	-0.008030	0.006364
5.566447	-0.011174	0.008267
5.572492	-0.010229	0.014840
5.578537	-0.008183	0.012622
5.584582	-0.005104	0.014423
5.590626	0.000143	0.011700
5.596671	0.005535	0.004757
5.602716	-0.003145	-0.001063
5.608761	-0.001453	0.006356
5.614806	-0.010275	0.005910
5.620850	-0.011992	0.006824
5.626895	-0.010271	0.006684
5.632940	0.001296	0.009617
5.638985	0.008213	0.007995
5.645029	0.004424	0.004561
5.651074	-0.000289	0.007336
5.657119	0.004468	0.010817
5.663164	0.005759	0.005333
5.669209	0.003467	0.003160
5.675253	-0.003027	0.004035
5.681298	0.002236	0.006896
5.687343	0.003637	0.004586
5.693388	-0.010090	-0.000540
5.699432	-0.002623	-0.001474
5.705477	0.005309	0.004282
5.711522	0.006012	-0.001927
5.717567	0.003086	-0.003861
5.723612	0.000871	0.005291
5.729656	-0.002922	0.002597
5.735701	0.008064	0.003418
5.741746	0.009677	0.001867
5.747791	0.010197	-0.006780
5.753835	0.007444	-0.009838
5.759880	0.013968	0.000339
5.765925	0.009475	-0.003395
5.771970	0.008120	-0.001029
5.778015	0.015244	0.001260
5.784059	0.013659	-0.002821
5.790104	0.014597	-0.005801
5.796149	0.015114	-0.006436
5.802194	0.012191	-0.008783
5.808238	0.009854	-0.016823
5.814283	0.013851	-0.013992
5.820328	0.014686	-0.007100
5.826373	0.014645	-0.009019
5.832417	0.012353	-0.020325
5.838462	0.013822	-0.022079
5.844507	0.013356	-0.022047
5.850552	-0.000793	-0.027439
5.856597	-0.002045	-0.025219
5.862641	0.002288	-0.026638
5.868686	0.009141	-0.025482
5.874731	0.008903	-0.018372
5.880776	0.004863	-0.022723
5.886820	0.006731	-0.026151
5.892865	0.007408	-0.025716
5.898910	0.011544	-0.021118
5.904955	0.012383	-0.019869
5.911000	0.013994	-0.015342
5.917044	0.022100	-0.015685
5.923089	0.024263	-0.016557
5.929134	0.028771	-0.014852
5.935179	0.022485	-0.015840
5.941223	0.020144	-0.012192
5.947268	0.024976	-0.012004
5.953313	0.019899	-0.014597
5.959358	0.013300	-0.020378
5.965403	0.015317	-0.020597
5.971447	0.013266	-0.017987
5.977492	0.020909	-0.013850
5.983537	0.005555	-0.017624
5.989582	0.004712	-0.021455
5.995626	0.009203	-0.019035
6.001671	0.004240	-0.020953
6.007716	0.008638	-0.013347
6.013761	0.010027	-0.014718
6.019806	0.011026	-0.019251
6.025850	0.011547	-0.022954
6.031895	0.015310	-0.021804
6.037940	0.009939	-0.028742
6.043985	0.000000	0.000000
6.050029	0.000000	0.000000
6.056074	0.000000	0.000000
6.062119	0.000000	0.000000
6.068164	0.000000	0.000000
6.074209	0.000000	0.000000
6.080253	0.000000	0.000000
6.086298	0.000000	0.000000
6.092343	0.000000	0.000000
6.098388	0.000000	0.000000
6.104432	0.000000	0.000000
6.110477	0.000000	0.000000
6.116522	0.000000	0.000000
6.122567	0.000000	0.000000
6.128612	0.000000	0.000000
6.134656	0.000000	0.000000
6.140701	0.000000	0.000000
6.146746	0.000000	0.000000
6.152791	0.000000	0.000000
6.158835	0.000000	0.000000
6.164880	0.000000	0.000000
6.170925	0.000000	0.000000
6.176970	0.000000	0.000000
6.183015	0.000000	0.000000
6.189059	0.000000	0.000000
6.195104	0.000000	0.000000
6.201149	0.000000	0.000000
6.207194	0.000000	0.000000
6.213238	0.000000	0.000000
6.219283	0.000000	0.000000
6.225328	0.000000	0.000000
6.231373	0.000000	0.000000
6.237418	0.000000	0.000000
6.243462	0.000000	0.000000
6.249507	0.000000	0.000000
6.255552	0.000000	0.000000
6.261597	0.000000	0.000000
6.267641	0.000000	0.000000
6.273686	0.000000	0.000000
6.279731	0.000000	0.000000
6.285776	0.000000	0.000000
6.291821	0.000000	0.000000
6.297865	0.000000	0.000000
6.303910	0.000000	0.000000
6.309955	0.000000	0.000000
6.316000	0.000000	0.000000
6.322044	0.000000	0.000000
6.328089	0.000000	0.000000
6.334134	0.000000	0.000000
6.340179	0.000000	0.000000
6.346224	0.000000	0.000000
6.352268	0.000000	0.000000
6.358313	0.000000	0.000000
6.364358	0.000000	0.000000
6.370403	0.000000	0.000000
6.376447	0.000000	0.000000
6.382492	0.000000	0.000000
6.388537	0.000000	0.000000
6.394582	0.000000	0.000000
6.400627	0.000000	0.000000
6.406671	0.000000	0.000000
6.412716	0.000000	0.000000
6.418761	0.000000	0.000000
6.424806	0.000000	0.000000
6.430850	0.000000	0.000000
6.436895	0.000000	0.000000
6.442940	0.000000	0.000000
6.448985	0.000000	0.000000
6.455030	0.000000	0.000000
6.461074	0.000000	0.000000
6.467119	0.000000	0.000000
6.473164	0.000000	0.000000
6.479209	0.000000	0.000000
6.485253	0.000000	0.000000
6.491298	0.000000	0.000000
6.497343	0.000000	0.000000
6.503388	0.000000	0.000000
6.509432	0.000000	0.000000
6.515477	0.000000	0.000000
6.521522	0.000000	0.000000
6.527567	0.000000	0.000000
6.533612	0.000000	0.000000
6.539656	0.000000	0.000000
6.545701	0.000000	0.000000
6.551746	0.000000	0.000000
6.557791	0.000000	0.000000
6.563835	0.000000	0.000000
6.569880	0.000000	0.000000
6.575925	0.000000	0.000000
6.581970	0.000000	0.000000
6.588015	0.000000	0.000000
6.594059	0.000000	0.000000
6.600104	0.000000	0.000000
6.606149	0.000000	0.000000
6.612194	0.000000	0.000000
6.618238	0.000000	0.000000
6.624283	0.000000	0.000000
6.630328	0.000000	0.000000
6.636373	0.000000	0.000000
6.642418	0.000000	0.000000
6.648462	0.000000	0.000000
6.654507	0.000000	0.000000
6.660552	0.000000	0.000000
6.666597	0.000000	0.000000
6.672641	0.000000	0.000000
6.678686	0.000000	0.000000
6.684731	0.000000	0.000000
6.690776	0.000000	0.000000
6.696821	0.000000	0.000000
6.702865	0.000000	0.000000
6.708910	0.000000	0.000000
6.714955	0.000000	0.000000
6.721000	0.000000	0.000000
6.727044	0.000000	0.000000
6.733089	0.000000	0.000000
6.739134	0.000000	0.000000
6.745179	0.000000	0.000000
6.751224	0.000000	0.000000
6.757268	0.000000	0.000000
6.763313	0.000000	0.000000
6.769358	0.000000	0.000000
6.775403	0.000000	0.000000
6.781447	0.000000	0.000000
6.787492	0.000000	0.000000
6.793537	0.000000	0.000000
6.799582	0.000000	0.000000
6.805627	0.000000	0.000000
6.811671	0.000000	0.000000
6.817716	0.000000	0.000000
6.823761	0.000000	0.000000
6.829806	0.000000	0.000000
6.835850	0.000000	0.000000
6.841895	0.000000	0.000000
6.847940	0.000000	0.000000
6.853985	0.000000	0.000000
6.860030	0.000000	0.000000
6.866074	0.000000	0.000000
6.872119	0.000000	0.000000
6.878164	0.000000	0.000000
6.884209	0.000000	0.000000
6.890253	0.000000	0.000000
6.896298	0.000000	0.000000
6.902343	0.000000	0.000000
6.908388	0.000000	0.000000
6.914433	0.000000	0.000000
6.920477	0.000000	0.000000
6.926522	0.000000	0.000000
6.932567	0.000000	0.000000
6.938612	0.000000	0.000000
6.944656	0.000000	0.000000
6.950701	0.000000	0.000000
6.956746	0.000000	0.000000
6.962791	0.000000	0.000000
6.968836	0.000000	0.000000
6.974880	0.000000	0.000000
6.980925	0.000000	0.000000
6.986970	0.000000	0.000000
6.993015	0.000000	0.000000
6.999059	0.000000	0.000000
7.005104	0.000000	0.000000
7.011149	0.000000	0.000000
7.017194	0.000000	0.000000
7.023239	0.000000	0.000000
7.029283	0.000000	0.000000
7.035328	0.000000	0.000000
7.041373	0.000000	0.000000
7.047418	0.000000	0.000000
7.053462	0.000000	0.000000
7.059507	0.000000	0.000000
7.065552	0.000000	0.000000
7.071597	0.000000	0.000000
7.077642	0.000000	0.000000
7.083686	0.000000	0.000000
7.089731	0.000000	0.000000
7.095776	0.000000	0.000000
7.101821	0.000000	0.000000
7.107865	0.000000	0.000000
7.113910	0.000000	0.000000
7.119955	0.000000	0.000000
7.126000	0.000000	0.000000
7.132045	0.000000	0.000000
7.138089	0.000000	0.000000
7.144134	0.000000	0.000000
7.150179	0.000000	0.000000
7.156224	0.000000	0.000000
7.162268	0.000000	0.000000
7.168313	0.000000	0.000000
7.174358	0.000000	0.000000
7.180403	0.000000	0.000000
7.186448	0.000000	0.000000
7.192492	0.000000	0.000000
7.198537	0.000000	0.000000
7.204582	0.000000	0.000000
7.210627	0.000000	0.000000
7.216671	0.000000	0.000000
7.222716	0.000000	0.000000
7.228761	0.000000	0.000000
7.234806	0.000000	0.000000
7.240850	0.000000	0.000000
7.246895	0.000000	0.000000
7.252940	0.000000	0.000000
7.258985	0.000000	0.000000
7.265030	0.000000	0.000000
7.271074	0.000000	0.000000
7.277119	0.000000	0.000000
7.283164	0.000000	0.000000
7.289209	0.000000	0.000000
7.295253	0.000000	0.000000
7.301298	0.000000	0.000000
7.307343	0.000000	0.000000
7.313388	0.000000	0.000000
7.319433	0.000000	0.000000
7.325477	0.000000	0.000000
7.331522	0.000000	0.000000
7.337567	0.000000	0.000000
7.343612	0.000000	0.000000
7.349656	0.000000	0.000000
7.355701	0.000000	0.000000
7.361746	0.000000	0.000000
7.367791	0.000000	0.000000
7.373836	0.000000	0.000000
7.379880	0.000000	0.000000
7.385925	0.000000	0.000000
7.391970	0.000000	0.000000
7.398015	0.000000	0.000000
7.404059	0.000000	0.000000
7.410104	0.000000	0.000000
7.416149	0.000000	0.000000
7.422194	0.000000	0.000000
7.428239	0.000000	0.000000
7.434283	0.000000	0.000000
7.440328	0.000000	0.000000
7.446373	0.000000	0.000000
7.452418	0.000000	0.000000
7.458462	0.000000	0.000000
7.464507	0.000000	0.000000
7.470552	0.000000	0.000000
7.476597	0.000000	0.000000
7.482642	0.000000	0.000000
7.488686	0.000000	0.000000
7.494731	0.000000	0.000000
7.500776	0.000000	0.000000
7.506821	0.000000	0.000000
7.512865	0.000000	0.000000
7.518910	0.000000	0.000000
7.524955	0.000000	0.000000
7.531000	0.000000	0.000000
7.537045	0.000000	0.000000
7.543089	0.000000	0.000000
7.549134	0.000000	0.000000
7.555179	0.000000	0.000000
7.561224	0.000000	0.000000
7.567268	0.000000	0.000000
7.573313	0.000000	0.000000
7.579358	0.000000	0.000000
7.585403	0.000000	0.000000
7.591448	0.000000	0.000000
7.597492	0.000000	0.000000
7.603537	0.000000	0.000000
7.609582	0.000000	0.000000
7.615627	0.000000	0.000000
7.621671	0.000000	0.000000
7.627716	0.000000	0.000000
7.633761	0.000000	0.000000
7.639806	0.000000	0.000000
7.645851	0.000000	0.000000
7.651895	0.000000	0.000000
7.657940	0.000000	0.000000
7.663985	0.000000	0.000000
7.670030	0.000000	0.000000
7.676074	0.000000	0.000000
7.682119	0.000000	0.000000
7.688164	0.000000	0.000000
7.694209	0.000000	0.000000
7.700254	0.000000	0.000000
7.706298	0.000000	0.000000
7.712343	0.000000	0.000000
7.718388	0.000000	0.000000
7.724433	0.000000	0.000000
7.730477	0.000000	0.000000
7.736522	0.000000	0.000000
7.742567	0.000000	0.000000
7.748612	0.000000	0.000000
7.754657	0.000000	0.000000
7.760701	0.000000	0.000000
7.766746	0.000000	0.000000
7.772791	0.000000	0.000000
7.778836	0.000000	0.000000
7.784880	0.000000	0.000000
7.790925	0.000000	0.000000
7.796970	0.000000	0.000000
7.803015	0.000000	0.000000
7.809060	0.000000	0.000000
7.815104	0.000000	0.000000
7.821149	0.000000	0.000000
7.827194	0.000000	0.000000
7.833239	0.000000	0.000000
7.839283	0.000000	0.000000
7.845328	0.000000	0.000000
7.851373	0.000000	0.000000
7.857418	0.000000	0.000000
7.863463	0.000000	0.000000
7.869507	0.000000	0.000000
7.875552	0.000000	0.000000
7.881597	0.000000	0.000000
7.887642	0.000000	0.000000
7.893686	0.000000	0.000000
7.899731	0.000000	0.000000
7.905776	0.000000	0.000000
7.911821	0.000000	0.000000
7.917865	0.000000	0.000000
7.923910	0.000000	0.000000
7.929955	0.000000	0.000000
7.936000	0.000000	0.000000
7.942045	0.000000	0.000000
7.948089	0.000000	0.000000
7.954134	0.000000	0.000000
7.960179	0.000000	0.000000
7.966224	0.000000	0.000000
7.972268	0.000000	0.000000
7.978313	0.000000	0.000000
7.984358	0.000000	0.000000
7.990403	0.000000	0.000000
7.996448	0.000000	0.000000
8.002492	0.000000	0.000000
8.008537	0.000000	0.000000
8.014582	0.000000	0.000000
8.020627	0.000000	0.000000
8.026671	0.000000	0.000000
8.032716	0.000000	0.000000
8.038761	0.000000	0.000000
8.044806	0.000000	0.000000
8.050851	0.000000	0.000000
8.056895	0.000000	0.000000
8.062940	0.000000	0.000000
8.068985	0.000000	0.000000
8.075030	0.000000	0.000000
8.081074	0.000000	0.000000
8.087119	0.000000	0.000000
8.093164	0.000000	0.000000
8.099209	0.000000	0.000000
8.105254	0.000000	0.000000
8.111298	0.000000	0.000000
8.117343	0.000000	0.000000
8.123388	0.000000	0.000000
8.129433	0.000000	0.000000
8.135477	0.000000	0.000000
8.141522	0.000000	0.000000
8.147567	0.000000	0.000000
8.153612	0.000000	0.000000
8.159657	0.000000	0.000000
8.165701	0.000000	0.000000
8.171746	0.000000	0.000000
8.177791	0.000000	0.000000
8.183836	0.000000	0.000000
8.189880	0.000000	0.000000
8.195925	0.000000	0.000000
8.201970	0.000000	0.000000
8.208015	0.000000	0.000000
8.214060	0.000000	0.000000
8.220104	0.000000	0.000000
8.226149	0.000000	0.000000
8.232194	0.000000	0.000000
8.238239	0.000000	0.000000
8.244283	0.000000	0.000000
8.250328	0.000000	0.000000
8.256373	0.000000	0.000000
8.262418	0.000000	0.000000
8.268463	0.000000	0.000000
8.274507	0.000000	0.000000
8.280552	0.000000	0.000000
8.286597	0.000000	0.000000
8.292642	0.000000	0.000000
8.298686	0.000000	0.000000
8.304731	0.000000	0.000000
8.310776	0.000000	0.000000
8.316821	0.000000	0.000000
8.322866	0.000000	0.000000
8.328910	0.000000	0.000000
8.334955	0.000000	0.000000
8.341000	0.000000	0.000000
8.347045	0.000000	0.000000
8.353089	0.000000	0.000000
8.359134	0.000000	0.000000
8.365179	0.000000	0.000000
8.371224	0.000000	0.000000
8.377269	0.000000	0.000000
8.383313	0.000000	0.000000
8.389358	0.000000	0.000000
8.395403	0.000000	0.000000
8.401448	0.000000	0.000000
8.407492	0.000000	0.000000
8.413537	0.000000	0.000000
8.419582	0.000000	0.000000
8.425627	0.000000	0.000000
8.431672	0.000000	0.000000
8.437716	0.000000	0.000000
8.443761	0.000000	0.000000
8.449806	0.000000	0.000000
8.455851	0.000000	0.000000
8.461895	0.000000	0.000000
8.467940	0.000000	0.000000
8.473985	0.000000	0.000000
8.480030	0.000000	0.000000
8.486075	0.000000	0.000000
8.492119	0.000000	0.000000
8.498164	0.000000	0.000000
