#Solvent Differentials
#Q(Ang^(-1)   DS/DT     DS/Drho
0.005253	0.000000	0.000000
0.011297	0.000000	0.000000
0.017342	0.000000	0.000000
0.023387	0.000000	0.000000
0.029432	0.000000	0.000000
0.035477	0.000000	0.000000
0.041521	0.000000	0.000000
0.047566	0.000000	0.000000
0.053611	0.000000	0.000000
0.059656	0.000000	0.000000
0.065700	0.000000	0.000000
0.071745	0.000000	0.000000
0.077790	0.000000	0.000000
0.083835	0.000000	0.000000
0.089880	0.000000	0.000000
0.095924	0.000000	0.000000
0.101969	0.000000	0.000000
0.108014	0.000000	0.000000
0.114059	0.000000	0.000000
0.120103	0.000000	0.000000
0.126148	0.000000	0.000000
0.132193	0.000000	0.000000
0.138238	0.000000	0.000000
0.144283	0.000000	0.000000
0.150327	0.000000	0.000000
0.156372	0.000000	0.000000
0.162417	0.000000	0.000000
0.168462	0.000000	0.000000
0.174506	0.000000	0.000000
0.180551	0.000000	0.000000
0.186596	0.000000	0.000000
0.192641	0.000000	0.000000
0.198685	0.000000	0.000000
0.204730	0.000000	0.000000
0.210775	0.000000	0.000000
0.216820	0.000000	0.000000
0.222865	0.000000	0.000000
0.228909	0.000000	0.000000
0.234954	0.000000	0.000000
0.240999	0.000000	0.000000
0.247044	0.000000	0.000000
0.253088	0.000000	0.000000
0.259133	0.000000	0.000000
0.265178	0.000000	0.000000
0.271223	0.000000	0.000000
0.277268	0.000000	0.000000
0.283312	0.000000	0.000000
0.289357	0.000000	0.000000
0.295402	0.000000	0.000000
0.301447	0.000000	0.000000
0.307491	0.000000	0.000000
0.313536	0.000000	0.000000
0.319581	0.000000	0.000000
0.325626	0.000000	0.000000
0.331671	0.000000	0.000000
0.337715	0.000000	0.000000
0.343760	0.000000	0.000000
0.349805	0.000000	0.000000
0.355850	0.000000	0.000000
0.361894	0.000000	0.000000
0.367939	-0.081838	-0.512364
0.373984	-0.077290	-0.490537
0.380029	-0.043240	-0.479772
0.386074	-0.039678	-0.470968
0.392118	-0.033440	-0.462284
0.398163	-0.018214	-0.464812
0.404208	-0.043821	-0.461520
0.410253	-0.052719	-0.473567
0.416297	-0.074869	-0.473371
0.422342	-0.050265	-0.471578
0.428387	-0.045756	-0.464943
0.434432	-0.028217	-0.454068
0.440477	-0.023702	-0.458323
0.446521	-0.013337	-0.444360
0.452566	-0.012628	-0.450380
0.458611	-0.022042	-0.464180
0.464656	-0.024952	-0.456070
0.470700	-0.023200	-0.467967
0.476745	-0.018066	-0.452466
0.482790	-0.014417	-0.454651
0.488835	-0.011398	-0.447309
0.494880	-0.012099	-0.446842
0.500924	-0.001270	-0.436823
0.506969	-0.018733	-0.444593
0.513014	-0.007313	-0.440182
0.519059	-0.009711	-0.440296
0.525103	-0.005111	-0.447815
0.531148	-0.003565	-0.440204
0.537193	-0.005093	-0.448414
0.543238	-0.000947	-0.443738
0.549283	0.010981	-0.438609
0.555327	0.008267	-0.438552
0.561372	-0.003507	-0.439140
0.567417	-0.005394	-0.444798
0.573462	-0.007463	-0.444113
0.579506	0.012857	-0.437486
0.585551	0.014899	-0.438552
0.591596	0.020172	-0.434801
0.597641	0.013467	-0.431919
0.603686	0.016128	-0.436691
0.609730	0.004578	-0.438524
0.615775	0.010034	-0.439901
0.621820	0.007212	-0.445697
0.627865	0.016051	-0.434638
0.633909	0.024051	-0.435366
0.639954	0.013310	-0.439390
0.645999	0.021476	-0.436374
0.652044	0.029392	-0.437833
0.658089	0.028259	-0.440316
0.664133	0.028067	-0.438592
0.670178	0.024141	-0.446015
0.676223	0.021882	-0.442601
0.682268	0.032588	-0.448147
0.688312	0.015869	-0.445249
0.694357	0.022022	-0.446444
0.700402	0.020664	-0.443274
0.706447	0.023360	-0.448303
0.712492	0.029162	-0.441510
0.718536	0.021655	-0.438252
0.724581	0.024756	-0.443707
0.730626	0.025317	-0.438704
0.736671	0.034691	-0.439768
0.742715	0.036602	-0.451432
0.748760	0.032026	-0.445900
0.754805	0.048123	-0.456984
0.760850	0.047714	-0.457649
0.766895	0.053776	-0.456438
0.772939	0.048713	-0.461562
0.778984	0.046782	-0.453532
0.785029	0.055957	-0.461208
0.791074	0.051912	-0.458516
0.797118	0.043142	-0.465574
0.803163	0.036013	-0.463252
0.809208	0.031841	-0.466907
0.815253	0.026204	-0.473018
0.821298	0.032842	-0.471943
0.827342	0.039769	-0.467483
0.833387	0.046371	-0.470938
0.839432	0.050922	-0.473752
0.845477	0.053284	-0.481806
0.851521	0.054658	-0.492170
0.857566	0.058261	-0.487245
0.863611	0.051254	-0.494998
0.869656	0.046912	-0.494541
0.875701	0.041523	-0.499562
0.881745	0.039474	-0.500153
0.887790	0.038090	-0.505531
0.893835	0.053839	-0.505101
0.899880	0.047522	-0.505136
0.905924	0.049266	-0.505859
0.911969	0.050385	-0.512663
0.918014	0.049650	-0.515862
0.924059	0.057679	-0.521358
0.930103	0.063062	-0.523576
0.936148	0.065995	-0.523360
0.942193	0.070375	-0.521658
0.948238	0.071293	-0.535377
0.954283	0.081187	-0.536511
0.960327	0.075077	-0.542533
0.966372	0.071352	-0.550481
0.972417	0.073463	-0.552858
0.978462	0.077609	-0.556665
0.984506	0.079454	-0.562420
0.990551	0.086383	-0.569910
0.996596	0.089171	-0.573268
1.002641	0.081641	-0.579050
1.008686	0.085632	-0.580425
1.014730	0.075058	-0.592021
1.020775	0.086135	-0.590449
1.026820	0.076054	-0.607940
1.032865	0.081060	-0.606399
1.038909	0.090342	-0.607530
1.044954	0.092129	-0.612129
1.050999	0.092792	-0.618614
1.057044	0.095468	-0.629144
1.063089	0.096054	-0.627446
1.069133	0.102582	-0.633320
1.075178	0.110229	-0.639718
1.081223	0.100352	-0.660194
1.087268	0.113334	-0.663148
1.093312	0.091228	-0.675462
1.099357	0.103561	-0.673847
1.105402	0.109596	-0.676996
1.111447	0.115399	-0.672974
1.117492	0.125685	-0.681696
1.123536	0.121976	-0.689922
1.129581	0.137285	-0.700850
1.135626	0.137879	-0.703144
1.141671	0.142307	-0.715013
1.147715	0.145150	-0.725032
1.153760	0.145588	-0.729546
1.159805	0.144641	-0.730500
1.165850	0.151619	-0.739502
1.171895	0.140132	-0.747754
1.177939	0.154415	-0.754204
1.183984	0.156717	-0.762135
1.190029	0.161122	-0.776447
1.196074	0.169005	-0.781707
1.202118	0.155033	-0.795050
1.208163	0.160219	-0.799425
1.214208	0.162899	-0.805521
1.220253	0.154161	-0.811413
1.226298	0.156169	-0.825037
1.232342	0.153479	-0.829322
1.238387	0.169538	-0.828326
1.244432	0.159789	-0.840558
1.250477	0.171747	-0.841119
1.256521	0.170140	-0.844744
1.262566	0.174442	-0.857443
1.268611	0.172091	-0.861941
1.274656	0.174256	-0.868276
1.280701	0.181328	-0.874341
1.286745	0.182512	-0.872385
1.292790	0.201064	-0.878256
1.298835	0.194410	-0.889378
1.304880	0.204432	-0.883246
1.310924	0.187976	-0.904176
1.316969	0.189329	-0.908679
1.323014	0.178361	-0.909140
1.329059	0.170571	-0.924598
1.335104	0.174738	-0.921114
1.341148	0.186318	-0.916552
1.347193	0.175696	-0.912861
1.353238	0.183047	-0.901332
1.359283	0.181753	-0.896766
1.365327	0.193710	-0.881673
1.371372	0.189205	-0.875163
1.377417	0.186053	-0.859010
1.383462	0.186889	-0.845883
1.389507	0.168268	-0.829386
1.395551	0.162437	-0.831588
1.401596	0.152946	-0.815638
1.407641	0.141035	-0.808996
1.413686	0.135546	-0.800924
1.419730	0.131411	-0.780494
1.425775	0.132537	-0.757840
1.431820	0.117012	-0.737688
1.437865	0.115170	-0.723938
1.443910	0.101568	-0.701683
1.449954	0.089927	-0.679677
1.455999	0.067399	-0.654061
1.462044	0.041556	-0.641917
1.468089	0.025791	-0.612303
1.474133	0.008349	-0.585686
1.480178	-0.006168	-0.566647
1.486223	-0.027242	-0.530336
1.492268	-0.032048	-0.493648
1.498313	-0.059829	-0.462376
1.504357	-0.068460	-0.429947
1.510402	-0.077489	-0.387736
1.516447	-0.100709	-0.358357
1.522492	-0.128589	-0.320070
1.528536	-0.132933	-0.277016
1.534581	-0.167357	-0.243230
1.540626	-0.180004	-0.204894
1.546671	-0.188268	-0.170763
1.552716	-0.203244	-0.141030
1.558760	-0.225557	-0.118275
1.564805	-0.221387	-0.067179
1.570850	-0.246799	-0.062540
1.576895	-0.244730	-0.019426
1.582939	-0.259600	0.001652
1.588984	-0.281502	0.038704
1.595029	-0.284868	0.068740
1.601074	-0.286453	0.104065
1.607118	-0.294696	0.128204
1.613163	-0.314037	0.154387
1.619208	-0.311720	0.178243
1.625253	-0.306401	0.208264
1.631298	-0.313036	0.223590
1.637342	-0.313631	0.237277
1.643387	-0.317971	0.250777
1.649432	-0.310723	0.267376
1.655477	-0.326262	0.289392
1.661521	-0.322655	0.314344
1.667566	-0.331311	0.315917
1.673611	-0.336715	0.327699
1.679656	-0.327693	0.335982
1.685701	-0.321684	0.344304
1.691745	-0.311462	0.355645
1.697790	-0.311607	0.358249
1.703835	-0.304352	0.380325
1.709880	-0.306521	0.369374
1.715924	-0.283599	0.381573
1.721969	-0.297864	0.367552
1.728014	-0.277835	0.371243
1.734059	-0.280651	0.374067
1.740104	-0.268581	0.378554
1.746148	-0.243239	0.381534
1.752193	-0.240890	0.378666
1.758238	-0.227079	0.378859
1.764283	-0.225710	0.374788
1.770327	-0.217964	0.370253
1.776372	-0.212022	0.374955
1.782417	-0.218079	0.367858
1.788462	-0.195096	0.380469
1.794507	-0.200264	0.372533
1.800551	-0.182708	0.375978
1.806596	-0.183708	0.362343
1.812641	-0.176679	0.352947
1.818686	-0.166720	0.349812
1.824730	-0.165355	0.353085
1.830775	-0.164838	0.339633
1.836820	-0.152580	0.337662
1.842865	-0.133228	0.335752
1.848910	-0.122168	0.328449
1.854954	-0.105402	0.329085
1.860999	-0.116631	0.320138
1.867044	-0.117524	0.309589
1.873089	-0.109011	0.310151
1.879133	-0.102437	0.306494
1.885178	-0.101410	0.299050
1.891223	-0.091805	0.297669
1.897268	-0.097017	0.284701
1.903313	-0.091707	0.282157
1.909357	-0.083281	0.278680
1.915402	-0.076746	0.266443
1.921447	-0.070834	0.268240
1.927492	-0.060461	0.269621
1.933536	-0.069151	0.262272
1.939581	-0.050557	0.261283
1.945626	-0.055184	0.257288
1.951671	-0.058882	0.240731
1.957716	-0.059919	0.241635
1.963760	-0.053643	0.245179
1.969805	-0.048950	0.243689
1.975850	-0.039021	0.250295
1.981895	-0.043080	0.239042
1.987939	-0.038922	0.226090
1.993984	-0.033172	0.228687
2.000029	-0.032589	0.224967
2.006074	-0.027927	0.224951
2.012119	-0.022103	0.216804
2.018163	-0.013115	0.215625
2.024208	-0.013149	0.218097
2.030253	-0.013658	0.212634
2.036298	-0.019205	0.206498
2.042342	-0.017731	0.202426
2.048387	-0.024326	0.190441
2.054432	-0.019905	0.190252
2.060477	-0.023504	0.183245
2.066522	-0.009940	0.189932
2.072566	-0.015951	0.185062
2.078611	-0.014167	0.185861
2.084656	-0.024311	0.191313
2.090701	-0.010300	0.191780
2.096745	-0.026206	0.182465
2.102790	-0.025932	0.167246
2.108835	-0.018622	0.165406
2.114880	-0.031116	0.154537
2.120925	-0.012747	0.158436
2.126969	-0.021460	0.158378
2.133014	-0.010829	0.157671
2.139059	-0.005337	0.158645
2.145104	-0.012946	0.152601
2.151148	-0.000652	0.164755
2.157193	-0.003875	0.164375
2.163238	0.003031	0.165253
2.169283	-0.005088	0.154803
2.175328	0.001270	0.162172
2.181372	0.013334	0.161285
2.187417	0.011604	0.151887
2.193462	0.010684	0.155594
2.199507	0.009813	0.153397
2.205551	0.007456	0.150871
2.211596	0.001238	0.149884
2.217641	0.003712	0.139937
2.223686	-0.004867	0.137542
2.229731	0.006129	0.136380
2.235775	-0.003684	0.131731
2.241820	0.004711	0.128309
2.247865	0.002312	0.133290
2.253910	0.000566	0.127295
2.259954	0.012367	0.123285
2.265999	0.001074	0.119988
2.272044	0.014325	0.115476
2.278089	0.013799	0.114716
2.284134	0.018360	0.110319
2.290178	0.020431	0.108285
2.296223	0.014454	0.107042
2.302268	0.015269	0.107755
2.308313	0.010819	0.108246
2.314357	0.010777	0.111751
2.320402	0.018299	0.110956
2.326447	0.021728	0.101834
2.332492	0.023606	0.098203
2.338536	0.014032	0.093473
2.344581	0.017788	0.093126
2.350626	0.012229	0.092670
2.356671	0.020532	0.083971
2.362716	0.013038	0.079056
2.368760	0.028188	0.085513
2.374805	0.020785	0.082678
2.380850	0.028896	0.083529
2.386895	0.025035	0.075270
2.392939	0.031166	0.078355
2.398984	0.036090	0.074826
2.405029	0.034310	0.071217
2.411074	0.035478	0.068601
2.417119	0.040442	0.061742
2.423163	0.033053	0.058707
2.429208	0.038480	0.062824
2.435253	0.041225	0.056786
2.441298	0.047313	0.060711
2.447342	0.045131	0.051095
2.453387	0.040632	0.046039
2.459432	0.041629	0.044076
2.465477	0.045843	0.038839
2.471522	0.051291	0.044424
2.477566	0.055363	0.042915
2.483611	0.054906	0.036620
2.489656	0.053065	0.034091
2.495701	0.054260	0.031711
2.501745	0.058291	0.035260
2.507790	0.055781	0.036820
2.513835	0.051962	0.035749
2.519880	0.055149	0.030906
2.525925	0.054155	0.022074
2.531969	0.062146	0.019929
2.538014	0.056687	0.014420
2.544059	0.054708	0.015643
2.550104	0.056888	0.011222
2.556148	0.058590	0.013129
2.562193	0.056992	-0.000880
2.568238	0.067779	-0.000405
2.574283	0.060649	-0.004959
2.580328	0.065420	-0.005512
2.586372	0.067155	-0.006498
2.592417	0.071250	-0.007212
2.598462	0.070295	-0.006888
2.604507	0.064312	-0.010905
2.610551	0.061980	-0.015522
2.616596	0.061282	-0.020937
2.622641	0.062304	-0.018045
2.628686	0.059307	-0.027938
2.634731	0.064971	-0.028399
2.640775	0.060609	-0.030869
2.646820	0.058512	-0.034351
2.652865	0.069805	-0.031901
2.658910	0.063569	-0.035504
2.664954	0.075915	-0.030940
2.670999	0.071234	-0.038783
2.677044	0.070498	-0.039930
2.683089	0.071812	-0.039238
2.689134	0.071995	-0.042664
2.695178	0.071968	-0.039138
2.701223	0.073205	-0.042605
2.707268	0.075137	-0.042770
2.713313	0.070385	-0.049681
2.719357	0.071536	-0.045874
2.725402	0.068517	-0.054047
2.731447	0.062772	-0.059748
2.737492	0.066186	-0.054263
2.743537	0.059646	-0.063665
2.749581	0.066269	-0.062474
2.755626	0.063430	-0.068865
2.761671	0.058873	-0.070453
2.767716	0.052412	-0.072153
2.773760	0.058436	-0.068538
2.779805	0.049060	-0.069726
2.785850	0.060276	-0.061651
2.791895	0.055794	-0.068139
2.797940	0.060863	-0.062977
2.803984	0.052841	-0.068653
2.810029	0.057925	-0.066734
2.816074	0.056504	-0.068913
2.822119	0.053696	-0.070435
2.828163	0.055645	-0.072931
2.834208	0.053810	-0.070285
2.840253	0.055755	-0.072408
2.846298	0.053510	-0.079778
2.852343	0.053366	-0.077970
2.858387	0.056118	-0.077534
2.864432	0.053698	-0.079694
2.870477	0.048299	-0.078334
2.876522	0.044925	-0.079674
2.882566	0.046549	-0.081783
2.888611	0.039092	-0.083966
2.894656	0.038102	-0.086459
2.900701	0.034729	-0.090864
2.906746	0.025852	-0.092334
2.912790	0.029279	-0.094219
2.918835	0.031787	-0.091354
2.924880	0.025979	-0.089409
2.930925	0.032073	-0.083697
2.936969	0.027009	-0.086179
2.943014	0.028105	-0.082427
2.949059	0.032738	-0.084425
2.955104	0.030966	-0.086984
2.961149	0.031958	-0.087543
2.967193	0.027542	-0.090551
2.973238	0.026545	-0.091269
2.979283	0.031480	-0.092930
2.985328	0.029627	-0.094557
2.991372	0.029437	-0.091298
2.997417	0.028752	-0.092662
3.003462	0.023502	-0.095019
3.009507	0.027998	-0.091236
3.015551	0.023885	-0.094085
3.021596	0.020821	-0.090383
3.027641	0.017870	-0.085966
3.033686	0.018848	-0.088257
3.039731	0.010769	-0.091243
3.045775	0.020499	-0.086839
3.051820	0.019527	-0.085405
3.057865	0.018108	-0.083526
3.063910	0.016384	-0.084275
3.069954	0.011478	-0.084189
3.075999	0.007688	-0.081800
3.082044	0.008380	-0.078556
3.088089	0.005618	-0.079747
3.094134	0.008684	-0.083687
3.100178	0.001409	-0.082928
3.106223	0.004007	-0.078118
3.112268	0.004558	-0.076615
3.118313	0.006361	-0.071085
3.124357	-0.001021	-0.078632
3.130402	-0.003609	-0.077484
3.136447	-0.002824	-0.074310
3.142492	-0.009477	-0.078236
3.148537	-0.011807	-0.077084
3.154581	-0.006807	-0.071133
3.160626	0.000171	-0.069543
3.166671	-0.006298	-0.071857
3.172716	-0.007519	-0.067653
3.178760	-0.010383	-0.064895
3.184805	-0.016650	-0.068041
3.190850	-0.014192	-0.063137
3.196895	-0.016334	-0.060065
3.202940	-0.020852	-0.057660
3.208984	-0.027436	-0.056754
3.215029	-0.029719	-0.054368
3.221074	-0.025195	-0.052472
3.227119	-0.022389	-0.054249
3.233163	-0.014336	-0.051999
3.239208	-0.010883	-0.055608
3.245253	-0.017128	-0.049971
3.251298	-0.024571	-0.054979
3.257343	-0.020135	-0.051098
3.263387	-0.028655	-0.055157
3.269432	-0.027811	-0.049978
3.275477	-0.031161	-0.055590
3.281522	-0.029560	-0.050239
3.287566	-0.034111	-0.048452
3.293611	-0.034031	-0.049110
3.299656	-0.038513	-0.051915
3.305701	-0.036142	-0.047888
3.311746	-0.033738	-0.044198
3.317790	-0.033171	-0.038357
3.323835	-0.035262	-0.036668
3.329880	-0.037663	-0.037248
3.335925	-0.040904	-0.032603
3.341969	-0.040792	-0.035290
3.348014	-0.043318	-0.029906
3.354059	-0.040606	-0.029520
3.360104	-0.044579	-0.028505
3.366149	-0.043794	-0.021996
3.372193	-0.050750	-0.024813
3.378238	-0.048776	-0.022003
3.384283	-0.054589	-0.029434
3.390328	-0.048251	-0.022815
3.396372	-0.046503	-0.019231
3.402417	-0.047910	-0.019071
3.408462	-0.052463	-0.018701
3.414507	-0.053963	-0.019771
3.420552	-0.056790	-0.016033
3.426596	-0.052489	-0.007319
3.432641	-0.052053	-0.001062
3.438686	-0.054557	-0.005116
3.444731	-0.060260	-0.009403
3.450775	-0.056770	-0.004564
3.456820	-0.052154	-0.005989
3.462865	-0.052246	-0.001742
3.468910	-0.047034	0.000413
3.474955	-0.047595	0.001984
3.480999	-0.055529	0.002351
3.487044	-0.059493	0.003132
3.493089	-0.063185	0.007524
3.499134	-0.063953	0.011439
3.505178	-0.066732	0.012016
3.511223	-0.065063	0.015077
3.517268	-0.065812	0.013740
3.523313	-0.066700	0.013107
3.529358	-0.064364	0.015221
3.535402	-0.063077	0.015393
3.541447	-0.064643	0.014785
3.547492	-0.065825	0.020707
3.553537	-0.058247	0.026871
3.559581	-0.056751	0.030220
3.565626	-0.060041	0.029458
3.571671	-0.067992	0.030648
3.577716	-0.068947	0.034659
3.583761	-0.066646	0.033526
3.589805	-0.064922	0.030450
3.595850	-0.062764	0.031925
3.601895	-0.062635	0.026359
3.607940	-0.064123	0.026217
3.613984	-0.061378	0.027679
3.620029	-0.063064	0.033396
3.626074	-0.063597	0.034598
3.632119	-0.061284	0.031966
3.638164	-0.058629	0.035091
3.644208	-0.061262	0.031505
3.650253	-0.062223	0.033186
3.656298	-0.059530	0.036037
3.662343	-0.059602	0.035365
3.668387	-0.056458	0.038706
3.674432	-0.054013	0.042035
3.680477	-0.047186	0.038360
3.686522	-0.047364	0.040658
3.692567	-0.044318	0.039832
3.698611	-0.051048	0.033656
3.704656	-0.051756	0.034219
3.710701	-0.051419	0.036596
3.716746	-0.052570	0.035649
3.722790	-0.054568	0.038497
3.728835	-0.053103	0.035965
3.734880	-0.053162	0.037258
3.740925	-0.051754	0.036983
3.746969	-0.048461	0.039552
3.753014	-0.048928	0.042919
3.759059	-0.048630	0.041688
3.765104	-0.042464	0.042926
3.771149	-0.034961	0.048137
3.777193	-0.034917	0.048747
3.783238	-0.035653	0.046530
3.789283	-0.037301	0.048193
3.795328	-0.038592	0.047731
3.801372	-0.029185	0.047383
3.807417	-0.027236	0.047995
3.813462	-0.030257	0.045123
3.819507	-0.033781	0.045355
3.825552	-0.031639	0.045399
3.831596	-0.031372	0.042792
3.837641	-0.028543	0.045538
3.843686	-0.025349	0.050964
3.849731	-0.021823	0.049356
3.855775	-0.022984	0.045930
3.861820	-0.021094	0.046883
3.867865	-0.019380	0.043358
3.873910	-0.014148	0.041853
3.879955	-0.018271	0.043838
3.885999	-0.019873	0.042258
3.892044	-0.013859	0.045509
3.898089	-0.014322	0.042870
3.904134	-0.008604	0.041296
3.910178	-0.007917	0.040690
3.916223	-0.007428	0.040610
3.922268	-0.006035	0.039287
3.928313	-0.008737	0.040133
3.934358	-0.005837	0.039513
3.940402	-0.005865	0.042674
3.946447	-0.008968	0.038845
3.952492	-0.005132	0.041129
3.958537	-0.002892	0.040860
3.964581	-0.000630	0.038604
3.970626	0.002883	0.042282
3.976671	0.004898	0.042337
3.982716	-0.000220	0.039335
3.988761	-0.001135	0.036055
3.994805	0.004173	0.037827
4.000850	0.009930	0.037458
4.006895	0.011639	0.038343
4.012940	0.018451	0.040225
4.018984	0.015328	0.036237
4.025029	0.017508	0.035854
4.031074	0.017312	0.029159
4.037119	0.015717	0.028554
4.043164	0.016993	0.027883
4.049208	0.017410	0.022168
4.055253	0.019640	0.029395
4.061298	0.014550	0.029360
4.067343	0.019727	0.033486
4.073387	0.020749	0.030057
4.079432	0.018470	0.029161
4.085477	0.020796	0.029618
4.091522	0.017560	0.024649
4.097567	0.017654	0.022127
4.103611	0.014541	0.020795
4.109656	0.021859	0.022458
4.115701	0.022968	0.023471
4.121746	0.022012	0.019018
4.127790	0.022681	0.020972
4.133835	0.021801	0.017533
4.139880	0.024416	0.012517
4.145925	0.022322	0.012032
4.151970	0.023894	0.012193
4.158014	0.021279	0.011622
4.164059	0.023232	0.016399
4.170104	0.022049	0.016818
4.176149	0.023049	0.015364
4.182193	0.029761	0.016507
4.188238	0.029133	0.016248
4.194283	0.028048	0.014215
4.200328	0.035749	0.013440
4.206373	0.038023	0.012008
4.212417	0.034706	0.009605
4.218462	0.032947	0.005828
4.224507	0.030703	0.006091
4.230552	0.033382	0.010135
4.236596	0.030524	0.008496
4.242641	0.027022	0.007454
4.248686	0.032155	0.006244
4.254731	0.030492	0.003410
4.260776	0.029339	0.004515
4.266820	0.034180	0.003450
4.272865	0.032530	0.003400
4.278910	0.033091	0.001926
4.284955	0.034184	0.001797
4.290999	0.032157	0.001512
4.297044	0.035270	0.003415
4.303089	0.036707	0.000228
4.309134	0.040927	-0.001585
4.315179	0.038993	-0.004256
4.321223	0.042915	0.000096
4.327268	0.040599	-0.001306
4.333313	0.044541	-0.000705
4.339358	0.044844	-0.003889
4.345402	0.035073	-0.007760
4.351447	0.031308	-0.008669
4.357492	0.032771	-0.008244
4.363537	0.035339	-0.004782
4.369582	0.033141	-0.002675
4.375626	0.032752	-0.006535
4.381671	0.029603	-0.010402
4.387716	0.030365	-0.012495
4.393761	0.031500	-0.012398
4.399805	0.038173	-0.012267
4.405850	0.038069	-0.014466
4.411895	0.034466	-0.011563
4.417940	0.033033	-0.008460
4.423984	0.035557	-0.013088
4.430029	0.033740	-0.013715
4.436074	0.029694	-0.012116
4.442119	0.026799	-0.018044
4.448164	0.025681	-0.017145
4.454208	0.029384	-0.013786
4.460253	0.027792	-0.016001
4.466298	0.031550	-0.015363
4.472343	0.035636	-0.013905
4.478387	0.033608	-0.016668
4.484432	0.028403	-0.018878
4.490477	0.030332	-0.017883
4.496522	0.028545	-0.019846
4.502567	0.029996	-0.019866
4.508611	0.029235	-0.018687
4.514656	0.025420	-0.020497
4.520701	0.026644	-0.020154
4.526746	0.028219	-0.020284
4.532790	0.027906	-0.021830
4.538835	0.023279	-0.019887
4.544880	0.018153	-0.022677
4.550925	0.018635	-0.025129
4.556970	0.017405	-0.025621
4.563014	0.017740	-0.023275
4.569059	0.016371	-0.021166
4.575104	0.022299	-0.022181
4.581149	0.020474	-0.023301
4.587193	0.017116	-0.019304
4.593238	0.019347	-0.020127
4.599283	0.018628	-0.015038
4.605328	0.015352	-0.017708
4.611373	0.012909	-0.021905
4.617417	0.009892	-0.024534
4.623462	0.010737	-0.022509
4.629507	0.012934	-0.022216
4.635552	0.013457	-0.023874
4.641596	0.011673	-0.022519
4.647641	0.012799	-0.020104
4.653686	0.015186	-0.019487
4.659731	0.014556	-0.021011
4.665776	0.012412	-0.025744
4.671820	0.008809	-0.025156
4.677865	0.010175	-0.025811
4.683910	0.008716	-0.022925
4.689955	0.007385	-0.024548
4.695999	0.005497	-0.026763
4.702044	0.005768	-0.027597
4.708089	0.001761	-0.026298
4.714134	0.004415	-0.020975
4.720179	0.006079	-0.018205
4.726223	0.001082	-0.021104
4.732268	-0.001382	-0.021633
4.738313	-0.000607	-0.020523
4.744358	-0.004606	-0.022663
4.750402	-0.002534	-0.024020
4.756447	-0.002614	-0.022842
4.762492	-0.001886	-0.025064
4.768537	-0.002255	-0.024305
4.774582	-0.001142	-0.023307
4.780626	-0.005550	-0.024258
4.786671	-0.008246	-0.023594
4.792716	-0.005024	-0.020345
4.798761	-0.004205	-0.017554
4.804805	-0.005324	-0.017638
4.810850	-0.012658	-0.018014
4.816895	-0.009149	-0.016612
4.822940	-0.009538	-0.019627
4.828985	-0.011615	-0.020127
4.835029	-0.017188	-0.021172
4.841074	-0.016797	-0.020439
4.847119	-0.018930	-0.022145
4.853164	-0.019874	-0.024641
4.859208	-0.024082	-0.026154
4.865253	-0.021039	-0.023671
4.871298	-0.024682	-0.027410
4.877343	-0.022563	-0.025284
4.883388	-0.022227	-0.024693
4.889432	-0.016438	-0.022181
4.895477	-0.017989	-0.020867
4.901522	-0.015337	-0.018110
4.907567	-0.015622	-0.011723
4.913611	-0.021471	-0.016226
4.919656	-0.022038	-0.015555
4.925701	-0.025332	-0.015402
4.931746	-0.027338	-0.012705
4.937791	-0.025214	-0.017320
4.943835	-0.027862	-0.015664
4.949880	-0.026463	-0.014878
4.955925	-0.025195	-0.013488
4.961970	-0.023363	-0.013175
4.968014	-0.023554	-0.010918
4.974059	-0.028793	-0.015575
4.980104	-0.031312	-0.018222
4.986149	-0.031341	-0.017472
4.992194	-0.030171	-0.014371
4.998238	-0.023947	-0.007944
5.004283	-0.029298	-0.007195
5.010328	-0.028228	-0.007188
5.016373	-0.027043	-0.008891
5.022417	-0.030075	-0.010684
5.028462	-0.025185	-0.011069
5.034507	-0.025204	-0.012709
5.040552	-0.023111	-0.014063
5.046597	-0.024961	-0.013164
5.052641	-0.029568	-0.013874
5.058686	-0.032507	-0.013799
5.064731	-0.030940	-0.010079
5.070776	-0.030123	-0.012238
5.076820	-0.031252	-0.013551
5.082865	-0.032633	-0.013384
5.088910	-0.035957	-0.016460
5.094955	-0.035299	-0.013144
5.100999	-0.035091	-0.013311
5.107044	-0.030930	-0.010559
5.113089	-0.030569	-0.006342
5.119134	-0.026016	-0.005613
5.125179	-0.027766	-0.007853
5.131223	-0.025504	-0.006440
5.137268	-0.026138	-0.004495
5.143313	-0.027786	-0.000721
5.149358	-0.030990	0.001021
5.155402	-0.029358	-0.001086
5.161447	-0.032854	-0.001425
5.167492	-0.032136	-0.000777
5.173537	-0.031215	-0.000614
5.179582	-0.024565	-0.004402
5.185626	-0.022733	-0.002239
5.191671	-0.020932	-0.002447
5.197716	-0.025513	-0.003328
5.203761	-0.028654	-0.003941
5.209805	-0.027449	-0.008952
5.215850	-0.027376	-0.006605
5.221895	-0.025912	0.000022
5.227940	-0.031233	-0.001328
5.233985	-0.033036	-0.002417
5.240029	-0.029093	-0.003884
5.246074	-0.030486	-0.005281
5.252119	-0.027500	-0.001558
5.258164	-0.027788	-0.000920
5.264208	-0.031305	-0.001149
5.270253	-0.027353	-0.000397
5.276298	-0.026516	-0.000077
5.282343	-0.021570	0.002956
5.288388	-0.024418	-0.000606
5.294432	-0.025126	-0.003217
5.300477	-0.022978	-0.000840
5.306522	-0.023681	0.001761
5.312567	-0.022087	0.002319
5.318611	-0.017674	0.003773
5.324656	-0.017157	0.002358
5.330701	-0.019817	0.001954
5.336746	-0.021178	0.001611
5.342791	-0.019645	0.001441
5.348835	-0.018270	-0.000424
5.354880	-0.019468	-0.001982
5.360925	-0.018998	0.000988
5.366970	-0.019678	0.001821
5.373014	-0.017073	0.004535
5.379059	-0.016720	0.005038
5.385104	-0.019785	0.005386
5.391149	-0.017101	0.005631
5.397194	-0.016578	0.003725
5.403238	-0.019735	0.001815
5.409283	-0.018049	0.004138
5.415328	-0.012203	0.005245
5.421373	-0.011754	0.003152
5.427417	-0.013684	0.003025
5.433462	-0.017009	-0.000091
5.439507	-0.011670	0.001451
5.445552	-0.010112	0.000719
5.451597	-0.013602	-0.000025
5.457641	-0.015088	0.000683
5.463686	-0.012709	0.002386
5.469731	-0.009586	0.005622
5.475776	-0.007589	0.005064
5.481820	-0.005813	0.005774
5.487865	-0.003519	0.004075
5.493910	-0.003795	0.002695
5.499955	-0.004169	0.002640
5.506000	-0.004626	0.001920
5.512044	-0.009631	0.000016
5.518089	-0.005906	0.001333
5.524134	-0.008151	0.004050
5.530179	-0.008789	0.003782
5.536223	-0.008200	0.000597
5.542268	-0.009645	-0.001360
5.548313	-0.004705	-0.002312
5.554358	0.002061	-0.000897
5.560403	0.001537	0.001571
5.566447	0.000259	0.002804
5.572492	-0.001668	0.004215
5.578537	-0.002609	0.004387
5.584582	0.002219	0.002865
5.590626	0.004346	0.001817
5.596671	0.004498	0.000754
5.602716	0.007019	0.001352
5.608761	0.004066	-0.000424
5.614806	0.007979	-0.000466
5.620850	0.006958	0.001913
5.626895	0.007267	0.005124
5.632940	0.004246	0.003698
5.638985	-0.000208	0.000966
5.645029	0.001594	0.002696
5.651074	0.002090	0.003499
5.657119	0.001978	0.000978
5.663164	0.006166	0.002799
5.669209	0.010929	0.005434
5.675253	0.010173	0.003851
5.681298	0.005038	0.001042
5.687343	0.001217	-0.002142
5.693388	0.001668	-0.002589
5.699432	0.005348	0.000262
5.705477	0.005769	-0.002534
5.711522	0.006385	-0.003820
5.717567	0.003443	-0.004687
5.723612	0.005992	-0.003008
5.729656	0.007215	-0.004995
5.735701	0.004180	-0.005826
5.741746	-0.000204	-0.007289
5.747791	0.002845	-0.007281
5.753835	0.005287	-0.007666
5.759880	0.005062	-0.006279
5.765925	0.009323	-0.005326
5.771970	0.004859	-0.007050
5.778015	0.009642	-0.006832
5.784059	0.009253	-0.007454
5.790104	0.007013	-0.008177
5.796149	0.007211	-0.006046
5.802194	0.007658	-0.005334
5.808238	0.008906	-0.009244
5.814283	0.010494	-0.009399
5.820328	0.006828	-0.008140
5.826373	0.004797	-0.008221
5.832417	0.003264	-0.008211
5.838462	-0.000078	-0.011098
5.844507	0.002005	-0.010427
5.850552	0.004434	-0.010040
5.856597	0.006291	-0.009442
5.862641	0.005936	-0.010887
5.868686	0.004800	-0.008424
5.874731	0.007746	-0.005875
5.880776	0.007332	-0.003700
5.886820	0.008563	-0.005731
5.892865	0.011787	-0.005825
5.898910	0.010894	-0.006770
5.904955	0.010594	-0.008780
5.911000	0.010489	-0.010727
5.917044	0.011005	-0.009639
5.923089	0.011477	-0.008388
5.929134	0.011053	-0.006382
5.935179	0.010642	-0.004863
5.941223	0.010221	-0.007850
5.947268	0.010356	-0.009840
5.953313	0.013241	-0.011674
5.959358	0.009166	-0.008075
5.965403	0.008768	-0.007126
5.971447	0.007154	-0.006098
5.977492	0.006793	-0.005662
5.983537	0.006968	-0.003827
5.989582	0.008171	-0.004742
5.995626	0.007833	-0.006542
6.001671	0.006367	-0.007820
6.007716	0.002591	-0.009536
6.013761	-0.000147	-0.009318
6.019806	-0.001760	-0.007995
6.025850	-0.002442	-0.010508
6.031895	0.001828	-0.014495
6.037940	0.004056	-0.014317
6.043985	0.000000	0.000000
6.050029	0.000000	0.000000
6.056074	0.000000	0.000000
6.062119	0.000000	0.000000
6.068164	0.000000	0.000000
6.074209	0.000000	0.000000
6.080253	0.000000	0.000000
6.086298	0.000000	0.000000
6.092343	0.000000	0.000000
6.098388	0.000000	0.000000
6.104432	0.000000	0.000000
6.110477	0.000000	0.000000
6.116522	0.000000	0.000000
6.122567	0.000000	0.000000
6.128612	0.000000	0.000000
6.134656	0.000000	0.000000
6.140701	0.000000	0.000000
6.146746	0.000000	0.000000
6.152791	0.000000	0.000000
6.158835	0.000000	0.000000
6.164880	0.000000	0.000000
6.170925	0.000000	0.000000
6.176970	0.000000	0.000000
6.183015	0.000000	0.000000
6.189059	0.000000	0.000000
6.195104	0.000000	0.000000
6.201149	0.000000	0.000000
6.207194	0.000000	0.000000
6.213238	0.000000	0.000000
6.219283	0.000000	0.000000
6.225328	0.000000	0.000000
6.231373	0.000000	0.000000
6.237418	0.000000	0.000000
6.243462	0.000000	0.000000
6.249507	0.000000	0.000000
6.255552	0.000000	0.000000
6.261597	0.000000	0.000000
6.267641	0.000000	0.000000
6.273686	0.000000	0.000000
6.279731	0.000000	0.000000
6.285776	0.000000	0.000000
6.291821	0.000000	0.000000
6.297865	0.000000	0.000000
6.303910	0.000000	0.000000
6.309955	0.000000	0.000000
6.316000	0.000000	0.000000
6.322044	0.000000	0.000000
6.328089	0.000000	0.000000
6.334134	0.000000	0.000000
6.340179	0.000000	0.000000
6.346224	0.000000	0.000000
6.352268	0.000000	0.000000
6.358313	0.000000	0.000000
6.364358	0.000000	0.000000
6.370403	0.000000	0.000000
6.376447	0.000000	0.000000
6.382492	0.000000	0.000000
6.388537	0.000000	0.000000
6.394582	0.000000	0.000000
6.400627	0.000000	0.000000
6.406671	0.000000	0.000000
6.412716	0.000000	0.000000
6.418761	0.000000	0.000000
6.424806	0.000000	0.000000
6.430850	0.000000	0.000000
6.436895	0.000000	0.000000
6.442940	0.000000	0.000000
6.448985	0.000000	0.000000
6.455030	0.000000	0.000000
6.461074	0.000000	0.000000
6.467119	0.000000	0.000000
6.473164	0.000000	0.000000
6.479209	0.000000	0.000000
6.485253	0.000000	0.000000
6.491298	0.000000	0.000000
6.497343	0.000000	0.000000
6.503388	0.000000	0.000000
6.509432	0.000000	0.000000
6.515477	0.000000	0.000000
6.521522	0.000000	0.000000
6.527567	0.000000	0.000000
6.533612	0.000000	0.000000
6.539656	0.000000	0.000000
6.545701	0.000000	0.000000
6.551746	0.000000	0.000000
6.557791	0.000000	0.000000
6.563835	0.000000	0.000000
6.569880	0.000000	0.000000
6.575925	0.000000	0.000000
6.581970	0.000000	0.000000
6.588015	0.000000	0.000000
6.594059	0.000000	0.000000
6.600104	0.000000	0.000000
6.606149	0.000000	0.000000
6.612194	0.000000	0.000000
6.618238	0.000000	0.000000
6.624283	0.000000	0.000000
6.630328	0.000000	0.000000
6.636373	0.000000	0.000000
6.642418	0.000000	0.000000
6.648462	0.000000	0.000000
6.654507	0.000000	0.000000
6.660552	0.000000	0.000000
6.666597	0.000000	0.000000
6.672641	0.000000	0.000000
6.678686	0.000000	0.000000
6.684731	0.000000	0.000000
6.690776	0.000000	0.000000
6.696821	0.000000	0.000000
6.702865	0.000000	0.000000
6.708910	0.000000	0.000000
6.714955	0.000000	0.000000
6.721000	0.000000	0.000000
6.727044	0.000000	0.000000
6.733089	0.000000	0.000000
6.739134	0.000000	0.000000
6.745179	0.000000	0.000000
6.751224	0.000000	0.000000
6.757268	0.000000	0.000000
6.763313	0.000000	0.000000
6.769358	0.000000	0.000000
6.775403	0.000000	0.000000
6.781447	0.000000	0.000000
6.787492	0.000000	0.000000
6.793537	0.000000	0.000000
6.799582	0.000000	0.000000
6.805627	0.000000	0.000000
6.811671	0.000000	0.000000
6.817716	0.000000	0.000000
6.823761	0.000000	0.000000
6.829806	0.000000	0.000000
6.835850	0.000000	0.000000
6.841895	0.000000	0.000000
6.847940	0.000000	0.000000
6.853985	0.000000	0.000000
6.860030	0.000000	0.000000
6.866074	0.000000	0.000000
6.872119	0.000000	0.000000
6.878164	0.000000	0.000000
6.884209	0.000000	0.000000
6.890253	0.000000	0.000000
6.896298	0.000000	0.000000
6.902343	0.000000	0.000000
6.908388	0.000000	0.000000
6.914433	0.000000	0.000000
6.920477	0.000000	0.000000
6.926522	0.000000	0.000000
6.932567	0.000000	0.000000
6.938612	0.000000	0.000000
6.944656	0.000000	0.000000
6.950701	0.000000	0.000000
6.956746	0.000000	0.000000
6.962791	0.000000	0.000000
6.968836	0.000000	0.000000
6.974880	0.000000	0.000000
6.980925	0.000000	0.000000
6.986970	0.000000	0.000000
6.993015	0.000000	0.000000
6.999059	0.000000	0.000000
7.005104	0.000000	0.000000
7.011149	0.000000	0.000000
7.017194	0.000000	0.000000
7.023239	0.000000	0.000000
7.029283	0.000000	0.000000
7.035328	0.000000	0.000000
7.041373	0.000000	0.000000
7.047418	0.000000	0.000000
7.053462	0.000000	0.000000
7.059507	0.000000	0.000000
7.065552	0.000000	0.000000
7.071597	0.000000	0.000000
7.077642	0.000000	0.000000
7.083686	0.000000	0.000000
7.089731	0.000000	0.000000
7.095776	0.000000	0.000000
7.101821	0.000000	0.000000
7.107865	0.000000	0.000000
7.113910	0.000000	0.000000
7.119955	0.000000	0.000000
7.126000	0.000000	0.000000
7.132045	0.000000	0.000000
7.138089	0.000000	0.000000
7.144134	0.000000	0.000000
7.150179	0.000000	0.000000
7.156224	0.000000	0.000000
7.162268	0.000000	0.000000
7.168313	0.000000	0.000000
7.174358	0.000000	0.000000
7.180403	0.000000	0.000000
7.186448	0.000000	0.000000
7.192492	0.000000	0.000000
7.198537	0.000000	0.000000
7.204582	0.000000	0.000000
7.210627	0.000000	0.000000
7.216671	0.000000	0.000000
7.222716	0.000000	0.000000
7.228761	0.000000	0.000000
7.234806	0.000000	0.000000
7.240850	0.000000	0.000000
7.246895	0.000000	0.000000
7.252940	0.000000	0.000000
7.258985	0.000000	0.000000
7.265030	0.000000	0.000000
7.271074	0.000000	0.000000
7.277119	0.000000	0.000000
7.283164	0.000000	0.000000
7.289209	0.000000	0.000000
7.295253	0.000000	0.000000
7.301298	0.000000	0.000000
7.307343	0.000000	0.000000
7.313388	0.000000	0.000000
7.319433	0.000000	0.000000
7.325477	0.000000	0.000000
7.331522	0.000000	0.000000
7.337567	0.000000	0.000000
7.343612	0.000000	0.000000
7.349656	0.000000	0.000000
7.355701	0.000000	0.000000
7.361746	0.000000	0.000000
7.367791	0.000000	0.000000
7.373836	0.000000	0.000000
7.379880	0.000000	0.000000
7.385925	0.000000	0.000000
7.391970	0.000000	0.000000
7.398015	0.000000	0.000000
7.404059	0.000000	0.000000
7.410104	0.000000	0.000000
7.416149	0.000000	0.000000
7.422194	0.000000	0.000000
7.428239	0.000000	0.000000
7.434283	0.000000	0.000000
7.440328	0.000000	0.000000
7.446373	0.000000	0.000000
7.452418	0.000000	0.000000
7.458462	0.000000	0.000000
7.464507	0.000000	0.000000
7.470552	0.000000	0.000000
7.476597	0.000000	0.000000
7.482642	0.000000	0.000000
7.488686	0.000000	0.000000
7.494731	0.000000	0.000000
7.500776	0.000000	0.000000
7.506821	0.000000	0.000000
7.512865	0.000000	0.000000
7.518910	0.000000	0.000000
7.524955	0.000000	0.000000
7.531000	0.000000	0.000000
7.537045	0.000000	0.000000
7.543089	0.000000	0.000000
7.549134	0.000000	0.000000
7.555179	0.000000	0.000000
7.561224	0.000000	0.000000
7.567268	0.000000	0.000000
7.573313	0.000000	0.000000
7.579358	0.000000	0.000000
7.585403	0.000000	0.000000
7.591448	0.000000	0.000000
7.597492	0.000000	0.000000
7.603537	0.000000	0.000000
7.609582	0.000000	0.000000
7.615627	0.000000	0.000000
7.621671	0.000000	0.000000
7.627716	0.000000	0.000000
7.633761	0.000000	0.000000
7.639806	0.000000	0.000000
7.645851	0.000000	0.000000
7.651895	0.000000	0.000000
7.657940	0.000000	0.000000
7.663985	0.000000	0.000000
7.670030	0.000000	0.000000
7.676074	0.000000	0.000000
7.682119	0.000000	0.000000
7.688164	0.000000	0.000000
7.694209	0.000000	0.000000
7.700254	0.000000	0.000000
7.706298	0.000000	0.000000
7.712343	0.000000	0.000000
7.718388	0.000000	0.000000
7.724433	0.000000	0.000000
7.730477	0.000000	0.000000
7.736522	0.000000	0.000000
7.742567	0.000000	0.000000
7.748612	0.000000	0.000000
7.754657	0.000000	0.000000
7.760701	0.000000	0.000000
7.766746	0.000000	0.000000
7.772791	0.000000	0.000000
7.778836	0.000000	0.000000
7.784880	0.000000	0.000000
7.790925	0.000000	0.000000
7.796970	0.000000	0.000000
7.803015	0.000000	0.000000
7.809060	0.000000	0.000000
7.815104	0.000000	0.000000
7.821149	0.000000	0.000000
7.827194	0.000000	0.000000
7.833239	0.000000	0.000000
7.839283	0.000000	0.000000
7.845328	0.000000	0.000000
7.851373	0.000000	0.000000
7.857418	0.000000	0.000000
7.863463	0.000000	0.000000
7.869507	0.000000	0.000000
7.875552	0.000000	0.000000
7.881597	0.000000	0.000000
7.887642	0.000000	0.000000
7.893686	0.000000	0.000000
7.899731	0.000000	0.000000
7.905776	0.000000	0.000000
7.911821	0.000000	0.000000
7.917865	0.000000	0.000000
7.923910	0.000000	0.000000
7.929955	0.000000	0.000000
7.936000	0.000000	0.000000
7.942045	0.000000	0.000000
7.948089	0.000000	0.000000
7.954134	0.000000	0.000000
7.960179	0.000000	0.000000
7.966224	0.000000	0.000000
7.972268	0.000000	0.000000
7.978313	0.000000	0.000000
7.984358	0.000000	0.000000
7.990403	0.000000	0.000000
7.996448	0.000000	0.000000
8.002492	0.000000	0.000000
8.008537	0.000000	0.000000
8.014582	0.000000	0.000000
8.020627	0.000000	0.000000
8.026671	0.000000	0.000000
8.032716	0.000000	0.000000
8.038761	0.000000	0.000000
8.044806	0.000000	0.000000
8.050851	0.000000	0.000000
8.056895	0.000000	0.000000
8.062940	0.000000	0.000000
8.068985	0.000000	0.000000
8.075030	0.000000	0.000000
8.081074	0.000000	0.000000
8.087119	0.000000	0.000000
8.093164	0.000000	0.000000
8.099209	0.000000	0.000000
8.105254	0.000000	0.000000
8.111298	0.000000	0.000000
8.117343	0.000000	0.000000
8.123388	0.000000	0.000000
8.129433	0.000000	0.000000
8.135477	0.000000	0.000000
8.141522	0.000000	0.000000
8.147567	0.000000	0.000000
8.153612	0.000000	0.000000
8.159657	0.000000	0.000000
8.165701	0.000000	0.000000
8.171746	0.000000	0.000000
8.177791	0.000000	0.000000
8.183836	0.000000	0.000000
8.189880	0.000000	0.000000
8.195925	0.000000	0.000000
8.201970	0.000000	0.000000
8.208015	0.000000	0.000000
8.214060	0.000000	0.000000
8.220104	0.000000	0.000000
8.226149	0.000000	0.000000
8.232194	0.000000	0.000000
8.238239	0.000000	0.000000
8.244283	0.000000	0.000000
8.250328	0.000000	0.000000
8.256373	0.000000	0.000000
8.262418	0.000000	0.000000
8.268463	0.000000	0.000000
8.274507	0.000000	0.000000
8.280552	0.000000	0.000000
8.286597	0.000000	0.000000
8.292642	0.000000	0.000000
8.298686	0.000000	0.000000
8.304731	0.000000	0.000000
8.310776	0.000000	0.000000
8.316821	0.000000	0.000000
8.322866	0.000000	0.000000
8.328910	0.000000	0.000000
8.334955	0.000000	0.000000
8.341000	0.000000	0.000000
8.347045	0.000000	0.000000
8.353089	0.000000	0.000000
8.359134	0.000000	0.000000
8.365179	0.000000	0.000000
8.371224	0.000000	0.000000
8.377269	0.000000	0.000000
8.383313	0.000000	0.000000
8.389358	0.000000	0.000000
8.395403	0.000000	0.000000
8.401448	0.000000	0.000000
8.407492	0.000000	0.000000
8.413537	0.000000	0.000000
8.419582	0.000000	0.000000
8.425627	0.000000	0.000000
8.431672	0.000000	0.000000
8.437716	0.000000	0.000000
8.443761	0.000000	0.000000
8.449806	0.000000	0.000000
8.455851	0.000000	0.000000
8.461895	0.000000	0.000000
8.467940	0.000000	0.000000
8.473985	0.000000	0.000000
8.480030	0.000000	0.000000
8.486075	0.000000	0.000000
8.492119	0.000000	0.000000
8.498164	0.000000	0.000000
