#Point-by-point error evaluated for the Solvent differentials.
#Q(Ang^(-1)   DS/DT     DS/Drho
0.005253	0.000000	0.000000
0.011297	0.000000	0.000000
0.017342	0.000000	0.000000
0.023387	0.000000	0.000000
0.029432	0.000000	0.000000
0.035477	0.000000	0.000000
0.041521	0.000000	0.000000
0.047566	0.000000	0.000000
0.053611	0.000000	0.000000
0.059656	0.000000	0.000000
0.065700	0.000000	0.000000
0.071745	0.000000	0.000000
0.077790	0.000000	0.000000
0.083835	0.000000	0.000000
0.089880	0.000000	0.000000
0.095924	0.000000	0.000000
0.101969	0.000000	0.000000
0.108014	0.000000	0.000000
0.114059	0.000000	0.000000
0.120103	0.000000	0.000000
0.126148	0.000000	0.000000
0.132193	0.000000	0.000000
0.138238	0.000000	0.000000
0.144283	0.000000	0.000000
0.150327	0.000000	0.000000
0.156372	0.000000	0.000000
0.162417	0.000000	0.000000
0.168462	0.000000	0.000000
0.174506	0.000000	0.000000
0.180551	0.000000	0.000000
0.186596	0.000000	0.000000
0.192641	0.000000	0.000000
0.198685	0.000000	0.000000
0.204730	0.000000	0.000000
0.210775	0.000000	0.000000
0.216820	0.000000	0.000000
0.222865	0.000000	0.000000
0.228909	0.000000	0.000000
0.234954	0.000000	0.000000
0.240999	0.000000	0.000000
0.247044	0.000000	0.000000
0.253088	0.000000	0.000000
0.259133	0.000000	0.000000
0.265178	0.000000	0.000000
0.271223	0.000000	0.000000
0.277268	0.000000	0.000000
0.283312	0.000000	0.000000
0.289357	0.000000	0.000000
0.295402	0.000000	0.000000
0.301447	0.000000	0.000000
0.307491	0.000000	0.000000
0.313536	0.000000	0.000000
0.319581	0.000000	0.000000
0.325626	0.000000	0.000000
0.331671	0.000000	0.000000
0.337715	0.000000	0.000000
0.343760	0.000000	0.000000
0.349805	0.000000	0.000000
0.355850	0.000000	0.000000
0.361894	0.000000	0.000000
0.367939	0.028326	0.118679
0.373984	0.028078	0.114879
0.380029	0.027893	0.113134
0.386074	0.027487	0.110563
0.392118	0.025950	0.092101
0.398163	0.024170	0.073262
0.404208	0.022123	0.053562
0.410253	0.019762	0.032286
0.416297	0.017648	0.013601
0.422342	0.016565	0.011831
0.428387	0.015399	0.010411
0.434432	0.014617	0.009248
0.440477	0.014199	0.009350
0.446521	0.013757	0.009340
0.452566	0.012784	0.008907
0.458611	0.011963	0.008462
0.464656	0.010998	0.008054
0.470700	0.009655	0.007546
0.476745	0.008372	0.007109
0.482790	0.007472	0.007022
0.488835	0.006830	0.006894
0.494880	0.006314	0.006708
0.500924	0.006189	0.006574
0.506969	0.006053	0.006370
0.513014	0.006298	0.006222
0.519059	0.006524	0.006051
0.525103	0.006613	0.005840
0.531148	0.006681	0.005716
0.537193	0.006892	0.005569
0.543238	0.007046	0.005392
0.549283	0.007165	0.005266
0.555327	0.007196	0.005167
0.561372	0.007276	0.005079
0.567417	0.007243	0.005018
0.573462	0.007201	0.004903
0.579506	0.007180	0.004837
0.585551	0.007280	0.004738
0.591596	0.007320	0.004633
0.597641	0.007369	0.004544
0.603686	0.007372	0.004567
0.609730	0.007259	0.004597
0.615775	0.007235	0.004793
0.621820	0.007210	0.005004
0.627865	0.007015	0.005265
0.633909	0.006855	0.005496
0.639954	0.006761	0.005625
0.645999	0.006450	0.005610
0.652044	0.006126	0.005578
0.658089	0.005869	0.005407
0.664133	0.005746	0.005328
0.670178	0.005692	0.005644
0.676223	0.005636	0.005990
0.682268	0.005698	0.006699
0.688312	0.005863	0.007582
0.694357	0.005672	0.008274
0.700402	0.005341	0.008449
0.706447	0.005268	0.008766
0.712492	0.005127	0.008709
0.718536	0.005034	0.008675
0.724581	0.005386	0.008871
0.730626	0.006039	0.009488
0.736671	0.006415	0.009836
0.742715	0.006847	0.010192
0.748760	0.007106	0.010295
0.754805	0.007194	0.010207
0.760850	0.007226	0.009741
0.766895	0.007575	0.009452
0.772939	0.008010	0.009443
0.778984	0.008606	0.009887
0.785029	0.009093	0.010269
0.791074	0.009346	0.010558
0.797118	0.009387	0.010752
0.803163	0.009143	0.010263
0.809208	0.008945	0.009635
0.815253	0.008884	0.009229
0.821298	0.008882	0.009033
0.827342	0.008921	0.008872
0.833387	0.009090	0.009149
0.839432	0.009007	0.009040
0.845477	0.008645	0.008689
0.851521	0.008263	0.008258
0.857566	0.007987	0.007940
0.863611	0.007780	0.007628
0.869656	0.007584	0.007525
0.875701	0.007367	0.007621
0.881745	0.006966	0.007653
0.887790	0.006391	0.007341
0.893835	0.005918	0.006739
0.899880	0.005715	0.006155
0.905924	0.005770	0.005544
0.911969	0.005883	0.005091
0.918014	0.005920	0.004769
0.924059	0.005682	0.004664
0.930103	0.005319	0.004589
0.936148	0.004921	0.004555
0.942193	0.004783	0.004579
0.948238	0.004641	0.004498
0.954283	0.004613	0.004431
0.960327	0.004569	0.004331
0.966372	0.004661	0.004168
0.972417	0.004674	0.003937
0.978462	0.004838	0.003910
0.984506	0.005001	0.003986
0.990551	0.005148	0.004058
0.996596	0.005171	0.004018
1.002641	0.005178	0.004046
1.008686	0.005206	0.004207
1.014730	0.005247	0.004391
1.020775	0.005590	0.004585
1.026820	0.005920	0.004877
1.032865	0.006231	0.005113
1.038909	0.006518	0.005398
1.044954	0.006820	0.005542
1.050999	0.006777	0.005597
1.057044	0.006826	0.005793
1.063089	0.006869	0.005985
1.069133	0.006885	0.006051
1.075178	0.006864	0.006191
1.081223	0.006847	0.006404
1.087268	0.006749	0.006580
1.093312	0.006680	0.006763
1.099357	0.006850	0.006998
1.105402	0.007028	0.007190
1.111447	0.007267	0.007367
1.117492	0.007497	0.007472
1.123536	0.007688	0.007557
1.129581	0.007553	0.007546
1.135626	0.007386	0.007538
1.141671	0.006889	0.007366
1.147715	0.006374	0.007257
1.153760	0.005877	0.007123
1.159805	0.005493	0.006968
1.165850	0.005283	0.006779
1.171895	0.005408	0.006780
1.177939	0.005568	0.006645
1.183984	0.005750	0.006531
1.190029	0.005957	0.006462
1.196074	0.006018	0.006400
1.202118	0.006081	0.006224
1.208163	0.006152	0.006102
1.214208	0.006179	0.005988
1.220253	0.006351	0.005978
1.226298	0.006239	0.005811
1.232342	0.006068	0.005648
1.238387	0.006135	0.005310
1.244432	0.006397	0.005011
1.250477	0.006647	0.004903
1.256521	0.007419	0.005020
1.262566	0.008188	0.005295
1.268611	0.008538	0.005671
1.274656	0.008674	0.006278
1.280701	0.008687	0.006640
1.286745	0.008502	0.007030
1.292790	0.008539	0.007278
1.298835	0.008768	0.007528
1.304880	0.009052	0.007484
1.310924	0.009294	0.007371
1.316969	0.009569	0.007259
1.323014	0.009717	0.007108
1.329059	0.009891	0.006949
1.335104	0.010198	0.006744
1.341148	0.010578	0.006680
1.347193	0.010808	0.006595
1.353238	0.010950	0.006694
1.359283	0.010649	0.006843
1.365327	0.010119	0.007137
1.371372	0.009345	0.007272
1.377417	0.008642	0.007152
1.383462	0.007983	0.007146
1.389507	0.007816	0.007242
1.395551	0.007781	0.007378
1.401596	0.007907	0.007609
1.407641	0.008032	0.008036
1.413686	0.008144	0.008323
1.419730	0.008192	0.008422
1.425775	0.008175	0.008193
1.431820	0.008236	0.007789
1.437865	0.008426	0.007296
1.443910	0.008719	0.006789
1.449954	0.008966	0.006400
1.455999	0.009325	0.006210
1.462044	0.009470	0.005982
1.468089	0.009281	0.005915
1.474133	0.008826	0.006186
1.480178	0.008341	0.006944
1.486223	0.007595	0.008023
1.492268	0.007188	0.009448
1.498313	0.006995	0.011418
1.504357	0.007128	0.013286
1.510402	0.007350	0.014657
1.516447	0.007707	0.015454
1.522492	0.007861	0.015636
1.528536	0.008021	0.014712
1.534581	0.008006	0.013422
1.540626	0.007804	0.011919
1.546671	0.007632	0.010622
1.552716	0.007402	0.009594
1.558760	0.007145	0.009121
1.564805	0.006899	0.008959
1.570850	0.006769	0.009175
1.576895	0.006649	0.009711
1.582939	0.006589	0.010368
1.588984	0.006525	0.010928
1.595029	0.006568	0.011168
1.601074	0.006749	0.011166
1.607118	0.006905	0.010850
1.613163	0.007053	0.010510
1.619208	0.007196	0.009983
1.625253	0.007249	0.009582
1.631298	0.007117	0.009401
1.637342	0.006948	0.009067
1.643387	0.006914	0.008765
1.649432	0.006969	0.008666
1.655477	0.007035	0.008610
1.661521	0.007187	0.008425
1.667566	0.007269	0.008454
1.673611	0.007246	0.008457
1.679656	0.007164	0.008483
1.685701	0.007064	0.008509
1.691745	0.007025	0.008688
1.697790	0.007198	0.008897
1.703835	0.007266	0.008850
1.709880	0.007605	0.008921
1.715924	0.007792	0.009153
1.721969	0.007946	0.009273
1.728014	0.008008	0.009387
1.734059	0.008194	0.009631
1.740104	0.008103	0.009581
1.746148	0.008071	0.009150
1.752193	0.007950	0.008439
1.758238	0.007768	0.007695
1.764283	0.007572	0.007110
1.770327	0.007394	0.006769
1.776372	0.007430	0.006669
1.782417	0.007717	0.006839
1.788462	0.007869	0.006965
1.794507	0.007899	0.006959
1.800551	0.007982	0.007049
1.806596	0.007987	0.007212
1.812641	0.007819	0.007427
1.818686	0.007838	0.007711
1.824730	0.007998	0.007872
1.830775	0.008035	0.007680
1.836820	0.008034	0.007192
1.842865	0.007895	0.006665
1.848910	0.007790	0.006129
1.854954	0.007673	0.005828
1.860999	0.007614	0.005757
1.867044	0.007664	0.005825
1.873089	0.007815	0.005790
1.879133	0.007931	0.005713
1.885178	0.007890	0.005606
1.891223	0.007674	0.005470
1.897268	0.007339	0.005408
1.903313	0.007016	0.005441
1.909357	0.006439	0.005315
1.915402	0.005977	0.005385
1.921447	0.005708	0.005469
1.927492	0.005454	0.005528
1.933536	0.005190	0.005560
1.939581	0.005217	0.005886
1.945626	0.005340	0.006100
1.951671	0.005396	0.006245
1.957716	0.005354	0.006250
1.963760	0.005366	0.006169
1.969805	0.005408	0.006006
1.975850	0.005552	0.005795
1.981895	0.005705	0.005634
1.987939	0.006000	0.005553
1.993984	0.006052	0.005523
2.000029	0.005913	0.005507
2.006074	0.005596	0.005293
2.012119	0.005335	0.005282
2.018163	0.005148	0.005243
2.024208	0.005169	0.005185
2.030253	0.005294	0.005307
2.036298	0.005473	0.005818
2.042342	0.005631	0.006216
2.048387	0.005845	0.006827
2.054432	0.005973	0.007438
2.060477	0.006132	0.007743
2.066522	0.006254	0.007836
2.072566	0.006383	0.007840
2.078611	0.006385	0.007717
2.084656	0.006449	0.007725
2.090701	0.006505	0.007849
2.096745	0.006595	0.007994
2.102790	0.006637	0.008167
2.108835	0.006628	0.008298
2.114880	0.006543	0.008341
2.120925	0.006480	0.008268
2.126969	0.006422	0.008078
2.133014	0.006416	0.007733
2.139059	0.006547	0.007350
2.145104	0.006453	0.007015
2.151148	0.006383	0.006490
2.157193	0.006257	0.006052
2.163238	0.006014	0.005722
2.169283	0.005665	0.005432
2.175328	0.005587	0.005123
2.181372	0.005454	0.005077
2.187417	0.005512	0.005120
2.193462	0.005680	0.005155
2.199507	0.005861	0.005267
2.205551	0.006109	0.005360
2.211596	0.006338	0.005467
2.217641	0.006372	0.005477
2.223686	0.006194	0.005554
2.229731	0.005857	0.005586
2.235775	0.005636	0.005839
2.241820	0.005529	0.006218
2.247865	0.005399	0.006603
2.253910	0.005424	0.006915
2.259954	0.005499	0.007228
2.265999	0.005454	0.007309
2.272044	0.005263	0.007239
2.278089	0.005124	0.007203
2.284134	0.004985	0.007285
2.290178	0.004912	0.007363
2.296223	0.004953	0.007460
2.302268	0.005058	0.007514
2.308313	0.005132	0.007433
2.314357	0.005267	0.007255
2.320402	0.005227	0.006862
2.326447	0.005047	0.006441
2.332492	0.004840	0.006088
2.338536	0.004650	0.005854
2.344581	0.004439	0.005551
2.350626	0.004484	0.005393
2.356671	0.004527	0.005202
2.362716	0.004587	0.005025
2.368760	0.004607	0.004781
2.374805	0.004660	0.004537
2.380850	0.004650	0.004343
2.386895	0.004490	0.004134
2.392939	0.004327	0.003939
2.398984	0.004191	0.003830
2.405029	0.004084	0.003712
2.411074	0.003964	0.003538
2.417119	0.003885	0.003411
2.423163	0.003791	0.003213
2.429208	0.003666	0.003037
2.435253	0.003510	0.003088
2.441298	0.003380	0.003310
2.447342	0.003364	0.003539
2.453387	0.003361	0.003870
2.459432	0.003426	0.004319
2.465477	0.003483	0.004675
2.471522	0.003461	0.004871
2.477566	0.003417	0.005087
2.483611	0.003393	0.005221
2.489656	0.003338	0.005296
2.495701	0.003379	0.005344
2.501745	0.003462	0.005413
2.507790	0.003555	0.005415
2.513835	0.003566	0.005404
2.519880	0.003503	0.005327
2.525925	0.003309	0.005308
2.531969	0.003219	0.005438
2.538014	0.003230	0.005635
2.544059	0.003379	0.005817
2.550104	0.003617	0.005829
2.556148	0.003849	0.005607
2.562193	0.003956	0.005288
2.568238	0.003965	0.004932
2.574283	0.003903	0.004624
2.580328	0.003960	0.004492
2.586372	0.004003	0.004486
2.592417	0.004274	0.004454
2.598462	0.004543	0.004430
2.604507	0.004794	0.004385
2.610551	0.004872	0.004018
2.616596	0.004876	0.003648
2.622641	0.004692	0.003378
2.628686	0.004446	0.003133
2.634731	0.004222	0.002917
2.640775	0.004115	0.002968
2.646820	0.004114	0.002969
2.652865	0.004019	0.002850
2.658910	0.004005	0.002738
2.664954	0.003950	0.002641
2.670999	0.003798	0.002579
2.677044	0.003660	0.002572
2.683089	0.003621	0.002641
2.689134	0.003527	0.002689
2.695178	0.003487	0.002752
2.701223	0.003438	0.002809
2.707268	0.003400	0.003034
2.713313	0.003406	0.003257
2.719357	0.003467	0.003480
2.725402	0.003609	0.003644
2.731447	0.003746	0.003769
2.737492	0.003869	0.003755
2.743537	0.003894	0.003677
2.749581	0.003873	0.003623
2.755626	0.003753	0.003688
2.761671	0.003674	0.003788
2.767716	0.003603	0.003918
2.773760	0.003568	0.004067
2.779805	0.003560	0.004172
2.785850	0.003558	0.004168
2.791895	0.003542	0.003982
2.797940	0.003571	0.003806
2.803984	0.003586	0.003737
2.810029	0.003515	0.003666
2.816074	0.003442	0.003607
2.822119	0.003380	0.003684
2.828163	0.003230	0.003602
2.834208	0.003109	0.003405
2.840253	0.003026	0.003249
2.846298	0.003042	0.003090
2.852343	0.003018	0.002993
2.858387	0.003189	0.003022
2.864432	0.003377	0.003046
2.870477	0.003659	0.003054
2.876522	0.003900	0.003144
2.882566	0.004155	0.003295
2.888611	0.004174	0.003425
2.894656	0.004112	0.003512
2.900701	0.003953	0.003605
2.906746	0.003690	0.003680
2.912790	0.003468	0.003692
2.918835	0.003347	0.003723
2.924880	0.003296	0.003776
2.930925	0.003382	0.003804
2.936969	0.003423	0.003825
2.943014	0.003423	0.003852
2.949059	0.003339	0.004008
2.955104	0.003144	0.004328
2.961149	0.002861	0.004672
2.967193	0.002723	0.004851
2.973238	0.002667	0.004801
2.979283	0.002731	0.004568
2.985328	0.002904	0.004173
2.991372	0.003064	0.003811
2.997417	0.003156	0.003537
3.003462	0.003203	0.003466
3.009507	0.003202	0.003434
3.015551	0.003179	0.003413
3.021596	0.003175	0.003455
3.027641	0.003173	0.003440
3.033686	0.003154	0.003423
3.039731	0.003145	0.003416
3.045775	0.003167	0.003410
3.051820	0.003192	0.003307
3.057865	0.003244	0.003299
3.063910	0.003267	0.003296
3.069954	0.003292	0.003245
3.075999	0.003294	0.003198
3.082044	0.003321	0.003081
3.088089	0.003492	0.002994
3.094134	0.003539	0.002872
3.100178	0.003571	0.002818
3.106223	0.003604	0.002817
3.112268	0.003654	0.002889
3.118313	0.003536	0.002897
3.124357	0.003569	0.002928
3.130402	0.003616	0.002978
3.136447	0.003709	0.003025
3.142492	0.003775	0.003083
3.148537	0.003853	0.003067
3.154581	0.003984	0.003259
3.160626	0.004283	0.003692
3.166671	0.004665	0.004400
3.172716	0.005024	0.005042
3.178760	0.005409	0.005776
3.184805	0.005731	0.006283
3.190850	0.005922	0.006456
3.196895	0.005962	0.006314
3.202940	0.005971	0.006175
3.208984	0.005965	0.006051
3.215029	0.005958	0.006061
3.221074	0.005885	0.006119
3.227119	0.005787	0.006140
3.233163	0.005660	0.006176
3.239208	0.005558	0.006124
3.245253	0.005467	0.005844
3.251298	0.005383	0.005427
3.257343	0.005347	0.004981
3.263387	0.005335	0.004564
3.269432	0.005142	0.004214
3.275477	0.004802	0.003879
3.281522	0.004308	0.003635
3.287566	0.003830	0.003437
3.293611	0.003316	0.003117
3.299656	0.002980	0.002815
3.305701	0.002793	0.002638
3.311746	0.002690	0.002641
3.317790	0.002607	0.002714
3.323835	0.002656	0.002865
3.329880	0.002708	0.003032
3.335925	0.002752	0.003174
3.341969	0.002870	0.003090
3.348014	0.002951	0.002962
3.354059	0.002924	0.002991
3.360104	0.002839	0.003138
3.366149	0.002758	0.003266
3.372193	0.002731	0.003488
3.378238	0.002693	0.003693
3.384283	0.002740	0.003869
3.390328	0.002828	0.003921
3.396372	0.002977	0.004035
3.402417	0.003068	0.004152
3.408462	0.003222	0.004280
3.414507	0.003429	0.004345
3.420552	0.003686	0.004477
3.426596	0.003920	0.004643
3.432641	0.004179	0.004837
3.438686	0.004370	0.005026
3.444731	0.004460	0.005183
3.450775	0.004443	0.005277
3.456820	0.004375	0.005319
3.462865	0.004340	0.005390
3.468910	0.004345	0.005476
3.474955	0.004350	0.005565
3.480999	0.004491	0.005646
3.487044	0.004701	0.005613
3.493089	0.004836	0.005453
3.499134	0.004854	0.005268
3.505178	0.004852	0.005098
3.511223	0.004768	0.004931
3.517268	0.004634	0.004885
3.523313	0.004485	0.004913
3.529358	0.004289	0.004997
3.535402	0.004062	0.005098
3.541447	0.003799	0.005205
3.547492	0.003527	0.005306
3.553537	0.003285	0.005413
3.559581	0.003187	0.005437
3.565626	0.003170	0.005383
3.571671	0.003176	0.005287
3.577716	0.003171	0.005192
3.583761	0.003163	0.005127
3.589805	0.003149	0.005093
3.595850	0.003099	0.005044
3.601895	0.002998	0.005011
3.607940	0.002957	0.004962
3.613984	0.002871	0.004829
3.620029	0.002753	0.004672
3.626074	0.002704	0.004616
3.632119	0.002760	0.004470
3.638164	0.002822	0.004225
3.644208	0.002992	0.004010
3.650253	0.003235	0.003894
3.656298	0.003408	0.003743
3.662343	0.003521	0.003685
3.668387	0.003540	0.003618
3.674432	0.003523	0.003565
3.680477	0.003484	0.003455
3.686522	0.003474	0.003316
3.692567	0.003553	0.003207
3.698611	0.003844	0.003198
3.704656	0.004116	0.003204
3.710701	0.004317	0.003220
3.716746	0.004402	0.003262
3.722790	0.004366	0.003251
3.728835	0.004079	0.003124
3.734880	0.003794	0.003001
3.740925	0.003625	0.002781
3.746969	0.003593	0.002594
3.753014	0.003613	0.002455
3.759059	0.003704	0.002432
3.765104	0.003720	0.002401
3.771149	0.003626	0.002485
3.777193	0.003526	0.002532
3.783238	0.003413	0.002562
3.789283	0.003331	0.002601
3.795328	0.003327	0.002657
3.801372	0.003413	0.002750
3.807417	0.003443	0.002838
3.813462	0.003406	0.002936
3.819507	0.003319	0.003048
3.825552	0.003223	0.003134
3.831596	0.003090	0.003158
3.837641	0.002987	0.003196
3.843686	0.002945	0.003213
3.849731	0.002885	0.003142
3.855775	0.002853	0.003135
3.861820	0.002723	0.003104
3.867865	0.002542	0.003094
3.873910	0.002404	0.003113
3.879955	0.002320	0.003197
3.885999	0.002215	0.003153
3.892044	0.002217	0.003122
3.898089	0.002305	0.003061
3.904134	0.002381	0.002995
3.910178	0.002471	0.002937
3.916223	0.002581	0.002931
3.922268	0.002681	0.002927
3.928313	0.002769	0.002941
3.934358	0.002859	0.002959
3.940402	0.002932	0.002956
3.946447	0.002961	0.002869
3.952492	0.002928	0.002621
3.958537	0.002901	0.002374
3.964581	0.002917	0.002121
3.970626	0.002967	0.001915
3.976671	0.003031	0.001787
3.982716	0.003153	0.001975
3.988761	0.003264	0.002341
3.994805	0.003271	0.002822
4.000850	0.003251	0.003269
4.006895	0.003236	0.003732
4.012940	0.003222	0.004003
4.018984	0.003184	0.004006
4.025029	0.003143	0.003901
4.031074	0.003024	0.003801
4.037119	0.002996	0.003763
4.043164	0.002939	0.003766
4.049208	0.002813	0.003868
4.055253	0.002691	0.003951
4.061298	0.002593	0.004001
4.067343	0.002403	0.003998
4.073387	0.002239	0.003892
4.079432	0.002150	0.003653
4.085477	0.002113	0.003482
4.091522	0.002127	0.003500
4.097567	0.002151	0.003628
4.103611	0.002176	0.003660
4.109656	0.002251	0.003692
4.115701	0.002285	0.003645
4.121746	0.002319	0.003455
4.127790	0.002407	0.003241
4.133835	0.002528	0.003309
4.139880	0.002601	0.003502
4.145925	0.002719	0.003724
4.151970	0.002894	0.003937
4.158014	0.002966	0.004061
4.164059	0.003058	0.004124
4.170104	0.003214	0.004212
4.176149	0.003333	0.004290
4.182193	0.003370	0.004352
4.188238	0.003435	0.004416
4.194283	0.003426	0.004406
4.200328	0.003352	0.004315
4.206373	0.003291	0.004144
4.212417	0.003282	0.003933
4.218462	0.003291	0.003713
4.224507	0.003302	0.003521
4.230552	0.003232	0.003375
4.236596	0.003180	0.003366
4.242641	0.003042	0.003362
4.248686	0.002723	0.003202
4.254731	0.002451	0.003062
4.260776	0.002236	0.002931
4.266820	0.002004	0.002741
4.272865	0.002069	0.002602
4.278910	0.002485	0.002646
4.284955	0.002843	0.002688
4.290999	0.003188	0.002739
4.297044	0.003533	0.002862
4.303089	0.003594	0.002961
4.309134	0.003465	0.003005
4.315179	0.003372	0.003101
4.321223	0.003328	0.003201
4.327268	0.003450	0.003350
4.333313	0.003694	0.003611
4.339358	0.003956	0.003897
4.345402	0.004139	0.004127
4.351447	0.004253	0.004245
4.357492	0.004128	0.004188
4.363537	0.003956	0.004108
4.369582	0.003826	0.004032
4.375626	0.003810	0.003966
4.381671	0.003854	0.003997
4.387716	0.003912	0.004078
4.393761	0.003779	0.004019
4.399805	0.003687	0.003942
4.405850	0.003562	0.003869
4.411895	0.003441	0.003774
4.417940	0.003375	0.003688
4.423984	0.003470	0.003620
4.430029	0.003485	0.003528
4.436074	0.003452	0.003370
4.442119	0.003393	0.003219
4.448164	0.003297	0.003052
4.454208	0.003195	0.002936
4.460253	0.003066	0.002745
4.466298	0.002989	0.002638
4.472343	0.002989	0.002552
4.478387	0.002960	0.002416
4.484432	0.002841	0.002220
4.490477	0.002735	0.002141
4.496522	0.002629	0.002006
4.502567	0.002576	0.001937
4.508611	0.002619	0.001957
4.514656	0.002686	0.002048
4.520701	0.002748	0.002136
4.526746	0.002793	0.002287
4.532790	0.002737	0.002355
4.538835	0.002648	0.002411
4.544880	0.002668	0.002487
4.550925	0.002707	0.002574
4.556970	0.002748	0.002639
4.563014	0.002786	0.002744
4.569059	0.002823	0.002810
4.575104	0.002824	0.002843
4.581149	0.002825	0.002871
4.587193	0.002784	0.002867
4.593238	0.002727	0.002834
4.599283	0.002686	0.002783
4.605328	0.002639	0.002741
4.611373	0.002580	0.002748
4.617417	0.002558	0.002784
4.623462	0.002531	0.002795
4.629507	0.002486	0.002808
4.635552	0.002453	0.002739
4.641596	0.002431	0.002675
4.647641	0.002399	0.002519
4.653686	0.002323	0.002382
4.659731	0.002226	0.002282
4.665776	0.002125	0.002256
4.671820	0.002009	0.002177
4.677865	0.001902	0.002264
4.683910	0.001869	0.002389
4.689955	0.001887	0.002606
4.695999	0.001869	0.002855
4.702044	0.001844	0.003058
4.708089	0.001839	0.003097
4.714134	0.001850	0.003067
4.720179	0.001842	0.002975
4.726223	0.001861	0.002892
4.732268	0.001900	0.002876
4.738313	0.002012	0.003006
4.744358	0.002093	0.003171
4.750402	0.002173	0.003291
4.756447	0.002256	0.003282
4.762492	0.002384	0.003195
4.768537	0.002422	0.003028
4.774582	0.002376	0.002876
4.780626	0.002305	0.002799
4.786671	0.002237	0.002821
4.792716	0.002152	0.002869
4.798761	0.002060	0.002825
4.804805	0.002095	0.002709
4.810850	0.002187	0.002434
4.816895	0.002412	0.002147
4.822940	0.002628	0.001927
4.828985	0.002892	0.001828
4.835029	0.003077	0.001948
4.841074	0.003168	0.002197
4.847119	0.003163	0.002426
4.853164	0.003231	0.002595
4.859208	0.003323	0.002693
4.865253	0.003459	0.002702
4.871298	0.003662	0.002694
4.877343	0.003775	0.002723
4.883388	0.003725	0.002801
4.889432	0.003630	0.002979
4.895477	0.003525	0.003066
4.901522	0.003402	0.003123
4.907567	0.003325	0.003174
4.913611	0.003312	0.003153
4.919656	0.003291	0.003022
4.925701	0.003307	0.002906
4.931746	0.003277	0.002910
4.937791	0.003160	0.002942
4.943835	0.003045	0.002992
4.949880	0.002931	0.003062
4.955925	0.002778	0.003107
4.961970	0.002638	0.003116
4.968014	0.002601	0.003169
4.974059	0.002566	0.003259
4.980104	0.002569	0.003385
4.986149	0.002640	0.003487
4.992194	0.002766	0.003592
4.998238	0.002882	0.003624
5.004283	0.003006	0.003653
5.010328	0.003081	0.003689
5.016373	0.003053	0.003765
5.022417	0.002898	0.003789
5.028462	0.002736	0.003802
5.034507	0.002664	0.003766
5.040552	0.002632	0.003652
5.046597	0.002704	0.003497
5.052641	0.002908	0.003339
5.058686	0.003099	0.003208
5.064731	0.003154	0.003074
5.070776	0.003155	0.003007
5.076820	0.003069	0.002998
5.082865	0.002999	0.002967
5.088910	0.003033	0.002922
5.094955	0.003097	0.002873
5.100999	0.003108	0.002798
5.107044	0.003165	0.002963
5.113089	0.003232	0.003215
5.119134	0.003244	0.003458
5.125179	0.003258	0.003732
5.131223	0.003347	0.004031
5.137268	0.003405	0.004072
5.143313	0.003416	0.004035
5.149358	0.003386	0.004092
5.155402	0.003363	0.004284
5.161447	0.003365	0.004530
5.167492	0.003368	0.004782
5.173537	0.003365	0.005024
5.179582	0.003386	0.005140
5.185626	0.003394	0.005037
5.191671	0.003339	0.004752
5.197716	0.003298	0.004446
5.203761	0.003295	0.004173
5.209805	0.003360	0.003967
5.215850	0.003395	0.003883
5.221895	0.003371	0.003882
5.227940	0.003174	0.003694
5.233985	0.002945	0.003497
5.240029	0.002650	0.003276
5.246074	0.002365	0.003041
5.252119	0.002167	0.002848
5.258164	0.002164	0.002858
5.264208	0.002210	0.002793
5.270253	0.002243	0.002616
5.276298	0.002220	0.002452
5.282343	0.002199	0.002289
5.288388	0.002149	0.002110
5.294432	0.002039	0.002017
5.300477	0.001940	0.002025
5.306522	0.001919	0.002005
5.312567	0.001890	0.002000
5.318611	0.001843	0.002017
5.324656	0.001812	0.002031
5.330701	0.001779	0.002065
5.336746	0.001724	0.002111
5.342791	0.001769	0.002182
5.348835	0.001849	0.002306
5.354880	0.001916	0.002413
5.360925	0.001978	0.002488
5.366970	0.002051	0.002535
5.373014	0.002034	0.002526
5.379059	0.002006	0.002470
5.385104	0.002019	0.002435
5.391149	0.002032	0.002438
5.397194	0.002078	0.002523
5.403238	0.002132	0.002624
5.409283	0.002195	0.002650
5.415328	0.002243	0.002618
5.421373	0.002284	0.002562
5.427417	0.002321	0.002442
5.433462	0.002353	0.002321
5.439507	0.002456	0.002265
5.445552	0.002546	0.002232
5.451597	0.002653	0.002258
5.457641	0.002765	0.002318
5.463686	0.002871	0.002371
5.469731	0.002863	0.002433
5.475776	0.002832	0.002562
5.481820	0.002932	0.002709
5.487865	0.003057	0.002818
5.493910	0.003188	0.002961
5.499955	0.003343	0.003131
5.506000	0.003515	0.003260
5.512044	0.003504	0.003324
5.518089	0.003406	0.003425
5.524134	0.003261	0.003503
5.530179	0.003096	0.003542
5.536223	0.002966	0.003537
5.542268	0.002878	0.003527
5.548313	0.002846	0.003512
5.554358	0.002832	0.003552
5.560403	0.002820	0.003607
5.566447	0.002851	0.003688
5.572492	0.002825	0.003721
5.578537	0.002769	0.003736
5.584582	0.002730	0.003697
5.590626	0.002777	0.003666
5.596671	0.002815	0.003638
5.602716	0.002919	0.003672
5.608761	0.003049	0.003656
5.614806	0.003203	0.003631
5.620850	0.003300	0.003603
5.626895	0.003330	0.003537
5.632940	0.003307	0.003314
5.638985	0.003273	0.003059
5.645029	0.003223	0.002772
5.651074	0.003166	0.002473
5.657119	0.003107	0.002208
5.663164	0.003096	0.002116
5.669209	0.003127	0.002073
5.675253	0.003132	0.001992
5.681298	0.003108	0.001886
5.687343	0.003081	0.001766
5.693388	0.003093	0.001612
5.699432	0.003059	0.001495
5.705477	0.003035	0.001461
5.711522	0.002971	0.001456
5.717567	0.002907	0.001468
5.723612	0.002792	0.001509
5.729656	0.002637	0.001550
5.735701	0.002488	0.001622
5.741746	0.002400	0.001720
5.747791	0.002314	0.001826
5.753835	0.002282	0.001918
5.759880	0.002335	0.002037
5.765925	0.002411	0.002105
5.771970	0.002497	0.002140
5.778015	0.002567	0.002179
5.784059	0.002580	0.002202
5.790104	0.002596	0.002227
5.796149	0.002579	0.002250
5.802194	0.002581	0.002273
5.808238	0.002594	0.002299
5.814283	0.002584	0.002326
5.820328	0.002565	0.002352
5.826373	0.002473	0.002384
5.832417	0.002368	0.002440
5.838462	0.002281	0.002504
5.844507	0.002232	0.002567
5.850552	0.002174	0.002573
5.856597	0.002233	0.002586
5.862641	0.002302	0.002650
5.868686	0.002267	0.002630
5.874731	0.002148	0.002602
5.880776	0.001964	0.002645
5.886820	0.001719	0.002721
5.892865	0.001459	0.002758
5.898910	0.001296	0.002898
5.904955	0.001212	0.003054
5.911000	0.001165	0.003142
5.917044	0.001180	0.003117
5.923089	0.001201	0.003088
5.929134	0.001218	0.003062
5.935179	0.001238	0.003013
5.941223	0.001300	0.002961
5.947268	0.001341	0.002989
5.953313	0.001372	0.002977
5.959358	0.001477	0.003037
5.965403	0.001678	0.003183
5.971447	0.001909	0.003358
5.977492	0.002240	0.003532
5.983537	0.002569	0.003684
5.989582	0.002798	0.003630
5.995626	0.002932	0.003553
6.001671	0.003016	0.003558
6.007716	0.002997	0.003492
6.013761	0.002990	0.003470
6.019806	0.003013	0.003521
6.025850	0.003039	0.003502
6.031895	0.003074	0.003380
6.037940	0.003112	0.003391
6.043985	0.000000	0.000000
6.050029	0.000000	0.000000
6.056074	0.000000	0.000000
6.062119	0.000000	0.000000
6.068164	0.000000	0.000000
6.074209	0.000000	0.000000
6.080253	0.000000	0.000000
6.086298	0.000000	0.000000
6.092343	0.000000	0.000000
6.098388	0.000000	0.000000
6.104432	0.000000	0.000000
6.110477	0.000000	0.000000
6.116522	0.000000	0.000000
6.122567	0.000000	0.000000
6.128612	0.000000	0.000000
6.134656	0.000000	0.000000
6.140701	0.000000	0.000000
6.146746	0.000000	0.000000
6.152791	0.000000	0.000000
6.158835	0.000000	0.000000
6.164880	0.000000	0.000000
6.170925	0.000000	0.000000
6.176970	0.000000	0.000000
6.183015	0.000000	0.000000
6.189059	0.000000	0.000000
6.195104	0.000000	0.000000
6.201149	0.000000	0.000000
6.207194	0.000000	0.000000
6.213238	0.000000	0.000000
6.219283	0.000000	0.000000
6.225328	0.000000	0.000000
6.231373	0.000000	0.000000
6.237418	0.000000	0.000000
6.243462	0.000000	0.000000
6.249507	0.000000	0.000000
6.255552	0.000000	0.000000
6.261597	0.000000	0.000000
6.267641	0.000000	0.000000
6.273686	0.000000	0.000000
6.279731	0.000000	0.000000
6.285776	0.000000	0.000000
6.291821	0.000000	0.000000
6.297865	0.000000	0.000000
6.303910	0.000000	0.000000
6.309955	0.000000	0.000000
6.316000	0.000000	0.000000
6.322044	0.000000	0.000000
6.328089	0.000000	0.000000
6.334134	0.000000	0.000000
6.340179	0.000000	0.000000
6.346224	0.000000	0.000000
6.352268	0.000000	0.000000
6.358313	0.000000	0.000000
6.364358	0.000000	0.000000
6.370403	0.000000	0.000000
6.376447	0.000000	0.000000
6.382492	0.000000	0.000000
6.388537	0.000000	0.000000
6.394582	0.000000	0.000000
6.400627	0.000000	0.000000
6.406671	0.000000	0.000000
6.412716	0.000000	0.000000
6.418761	0.000000	0.000000
6.424806	0.000000	0.000000
6.430850	0.000000	0.000000
6.436895	0.000000	0.000000
6.442940	0.000000	0.000000
6.448985	0.000000	0.000000
6.455030	0.000000	0.000000
6.461074	0.000000	0.000000
6.467119	0.000000	0.000000
6.473164	0.000000	0.000000
6.479209	0.000000	0.000000
6.485253	0.000000	0.000000
6.491298	0.000000	0.000000
6.497343	0.000000	0.000000
6.503388	0.000000	0.000000
6.509432	0.000000	0.000000
6.515477	0.000000	0.000000
6.521522	0.000000	0.000000
6.527567	0.000000	0.000000
6.533612	0.000000	0.000000
6.539656	0.000000	0.000000
6.545701	0.000000	0.000000
6.551746	0.000000	0.000000
6.557791	0.000000	0.000000
6.563835	0.000000	0.000000
6.569880	0.000000	0.000000
6.575925	0.000000	0.000000
6.581970	0.000000	0.000000
6.588015	0.000000	0.000000
6.594059	0.000000	0.000000
6.600104	0.000000	0.000000
6.606149	0.000000	0.000000
6.612194	0.000000	0.000000
6.618238	0.000000	0.000000
6.624283	0.000000	0.000000
6.630328	0.000000	0.000000
6.636373	0.000000	0.000000
6.642418	0.000000	0.000000
6.648462	0.000000	0.000000
6.654507	0.000000	0.000000
6.660552	0.000000	0.000000
6.666597	0.000000	0.000000
6.672641	0.000000	0.000000
6.678686	0.000000	0.000000
6.684731	0.000000	0.000000
6.690776	0.000000	0.000000
6.696821	0.000000	0.000000
6.702865	0.000000	0.000000
6.708910	0.000000	0.000000
6.714955	0.000000	0.000000
6.721000	0.000000	0.000000
6.727044	0.000000	0.000000
6.733089	0.000000	0.000000
6.739134	0.000000	0.000000
6.745179	0.000000	0.000000
6.751224	0.000000	0.000000
6.757268	0.000000	0.000000
6.763313	0.000000	0.000000
6.769358	0.000000	0.000000
6.775403	0.000000	0.000000
6.781447	0.000000	0.000000
6.787492	0.000000	0.000000
6.793537	0.000000	0.000000
6.799582	0.000000	0.000000
6.805627	0.000000	0.000000
6.811671	0.000000	0.000000
6.817716	0.000000	0.000000
6.823761	0.000000	0.000000
6.829806	0.000000	0.000000
6.835850	0.000000	0.000000
6.841895	0.000000	0.000000
6.847940	0.000000	0.000000
6.853985	0.000000	0.000000
6.860030	0.000000	0.000000
6.866074	0.000000	0.000000
6.872119	0.000000	0.000000
6.878164	0.000000	0.000000
6.884209	0.000000	0.000000
6.890253	0.000000	0.000000
6.896298	0.000000	0.000000
6.902343	0.000000	0.000000
6.908388	0.000000	0.000000
6.914433	0.000000	0.000000
6.920477	0.000000	0.000000
6.926522	0.000000	0.000000
6.932567	0.000000	0.000000
6.938612	0.000000	0.000000
6.944656	0.000000	0.000000
6.950701	0.000000	0.000000
6.956746	0.000000	0.000000
6.962791	0.000000	0.000000
6.968836	0.000000	0.000000
6.974880	0.000000	0.000000
6.980925	0.000000	0.000000
6.986970	0.000000	0.000000
6.993015	0.000000	0.000000
6.999059	0.000000	0.000000
7.005104	0.000000	0.000000
7.011149	0.000000	0.000000
7.017194	0.000000	0.000000
7.023239	0.000000	0.000000
7.029283	0.000000	0.000000
7.035328	0.000000	0.000000
7.041373	0.000000	0.000000
7.047418	0.000000	0.000000
7.053462	0.000000	0.000000
7.059507	0.000000	0.000000
7.065552	0.000000	0.000000
7.071597	0.000000	0.000000
7.077642	0.000000	0.000000
7.083686	0.000000	0.000000
7.089731	0.000000	0.000000
7.095776	0.000000	0.000000
7.101821	0.000000	0.000000
7.107865	0.000000	0.000000
7.113910	0.000000	0.000000
7.119955	0.000000	0.000000
7.126000	0.000000	0.000000
7.132045	0.000000	0.000000
7.138089	0.000000	0.000000
7.144134	0.000000	0.000000
7.150179	0.000000	0.000000
7.156224	0.000000	0.000000
7.162268	0.000000	0.000000
7.168313	0.000000	0.000000
7.174358	0.000000	0.000000
7.180403	0.000000	0.000000
7.186448	0.000000	0.000000
7.192492	0.000000	0.000000
7.198537	0.000000	0.000000
7.204582	0.000000	0.000000
7.210627	0.000000	0.000000
7.216671	0.000000	0.000000
7.222716	0.000000	0.000000
7.228761	0.000000	0.000000
7.234806	0.000000	0.000000
7.240850	0.000000	0.000000
7.246895	0.000000	0.000000
7.252940	0.000000	0.000000
7.258985	0.000000	0.000000
7.265030	0.000000	0.000000
7.271074	0.000000	0.000000
7.277119	0.000000	0.000000
7.283164	0.000000	0.000000
7.289209	0.000000	0.000000
7.295253	0.000000	0.000000
7.301298	0.000000	0.000000
7.307343	0.000000	0.000000
7.313388	0.000000	0.000000
7.319433	0.000000	0.000000
7.325477	0.000000	0.000000
7.331522	0.000000	0.000000
7.337567	0.000000	0.000000
7.343612	0.000000	0.000000
7.349656	0.000000	0.000000
7.355701	0.000000	0.000000
7.361746	0.000000	0.000000
7.367791	0.000000	0.000000
7.373836	0.000000	0.000000
7.379880	0.000000	0.000000
7.385925	0.000000	0.000000
7.391970	0.000000	0.000000
7.398015	0.000000	0.000000
7.404059	0.000000	0.000000
7.410104	0.000000	0.000000
7.416149	0.000000	0.000000
7.422194	0.000000	0.000000
7.428239	0.000000	0.000000
7.434283	0.000000	0.000000
7.440328	0.000000	0.000000
7.446373	0.000000	0.000000
7.452418	0.000000	0.000000
7.458462	0.000000	0.000000
7.464507	0.000000	0.000000
7.470552	0.000000	0.000000
7.476597	0.000000	0.000000
7.482642	0.000000	0.000000
7.488686	0.000000	0.000000
7.494731	0.000000	0.000000
7.500776	0.000000	0.000000
7.506821	0.000000	0.000000
7.512865	0.000000	0.000000
7.518910	0.000000	0.000000
7.524955	0.000000	0.000000
7.531000	0.000000	0.000000
7.537045	0.000000	0.000000
7.543089	0.000000	0.000000
7.549134	0.000000	0.000000
7.555179	0.000000	0.000000
7.561224	0.000000	0.000000
7.567268	0.000000	0.000000
7.573313	0.000000	0.000000
7.579358	0.000000	0.000000
7.585403	0.000000	0.000000
7.591448	0.000000	0.000000
7.597492	0.000000	0.000000
7.603537	0.000000	0.000000
7.609582	0.000000	0.000000
7.615627	0.000000	0.000000
7.621671	0.000000	0.000000
7.627716	0.000000	0.000000
7.633761	0.000000	0.000000
7.639806	0.000000	0.000000
7.645851	0.000000	0.000000
7.651895	0.000000	0.000000
7.657940	0.000000	0.000000
7.663985	0.000000	0.000000
7.670030	0.000000	0.000000
7.676074	0.000000	0.000000
7.682119	0.000000	0.000000
7.688164	0.000000	0.000000
7.694209	0.000000	0.000000
7.700254	0.000000	0.000000
7.706298	0.000000	0.000000
7.712343	0.000000	0.000000
7.718388	0.000000	0.000000
7.724433	0.000000	0.000000
7.730477	0.000000	0.000000
7.736522	0.000000	0.000000
7.742567	0.000000	0.000000
7.748612	0.000000	0.000000
7.754657	0.000000	0.000000
7.760701	0.000000	0.000000
7.766746	0.000000	0.000000
7.772791	0.000000	0.000000
7.778836	0.000000	0.000000
7.784880	0.000000	0.000000
7.790925	0.000000	0.000000
7.796970	0.000000	0.000000
7.803015	0.000000	0.000000
7.809060	0.000000	0.000000
7.815104	0.000000	0.000000
7.821149	0.000000	0.000000
7.827194	0.000000	0.000000
7.833239	0.000000	0.000000
7.839283	0.000000	0.000000
7.845328	0.000000	0.000000
7.851373	0.000000	0.000000
7.857418	0.000000	0.000000
7.863463	0.000000	0.000000
7.869507	0.000000	0.000000
7.875552	0.000000	0.000000
7.881597	0.000000	0.000000
7.887642	0.000000	0.000000
7.893686	0.000000	0.000000
7.899731	0.000000	0.000000
7.905776	0.000000	0.000000
7.911821	0.000000	0.000000
7.917865	0.000000	0.000000
7.923910	0.000000	0.000000
7.929955	0.000000	0.000000
7.936000	0.000000	0.000000
7.942045	0.000000	0.000000
7.948089	0.000000	0.000000
7.954134	0.000000	0.000000
7.960179	0.000000	0.000000
7.966224	0.000000	0.000000
7.972268	0.000000	0.000000
7.978313	0.000000	0.000000
7.984358	0.000000	0.000000
7.990403	0.000000	0.000000
7.996448	0.000000	0.000000
8.002492	0.000000	0.000000
8.008537	0.000000	0.000000
8.014582	0.000000	0.000000
8.020627	0.000000	0.000000
8.026671	0.000000	0.000000
8.032716	0.000000	0.000000
8.038761	0.000000	0.000000
8.044806	0.000000	0.000000
8.050851	0.000000	0.000000
8.056895	0.000000	0.000000
8.062940	0.000000	0.000000
8.068985	0.000000	0.000000
8.075030	0.000000	0.000000
8.081074	0.000000	0.000000
8.087119	0.000000	0.000000
8.093164	0.000000	0.000000
8.099209	0.000000	0.000000
8.105254	0.000000	0.000000
8.111298	0.000000	0.000000
8.117343	0.000000	0.000000
8.123388	0.000000	0.000000
8.129433	0.000000	0.000000
8.135477	0.000000	0.000000
8.141522	0.000000	0.000000
8.147567	0.000000	0.000000
8.153612	0.000000	0.000000
8.159657	0.000000	0.000000
8.165701	0.000000	0.000000
8.171746	0.000000	0.000000
8.177791	0.000000	0.000000
8.183836	0.000000	0.000000
8.189880	0.000000	0.000000
8.195925	0.000000	0.000000
8.201970	0.000000	0.000000
8.208015	0.000000	0.000000
8.214060	0.000000	0.000000
8.220104	0.000000	0.000000
8.226149	0.000000	0.000000
8.232194	0.000000	0.000000
8.238239	0.000000	0.000000
8.244283	0.000000	0.000000
8.250328	0.000000	0.000000
8.256373	0.000000	0.000000
8.262418	0.000000	0.000000
8.268463	0.000000	0.000000
8.274507	0.000000	0.000000
8.280552	0.000000	0.000000
8.286597	0.000000	0.000000
8.292642	0.000000	0.000000
8.298686	0.000000	0.000000
8.304731	0.000000	0.000000
8.310776	0.000000	0.000000
8.316821	0.000000	0.000000
8.322866	0.000000	0.000000
8.328910	0.000000	0.000000
8.334955	0.000000	0.000000
8.341000	0.000000	0.000000
8.347045	0.000000	0.000000
8.353089	0.000000	0.000000
8.359134	0.000000	0.000000
8.365179	0.000000	0.000000
8.371224	0.000000	0.000000
8.377269	0.000000	0.000000
8.383313	0.000000	0.000000
8.389358	0.000000	0.000000
8.395403	0.000000	0.000000
8.401448	0.000000	0.000000
8.407492	0.000000	0.000000
8.413537	0.000000	0.000000
8.419582	0.000000	0.000000
8.425627	0.000000	0.000000
8.431672	0.000000	0.000000
8.437716	0.000000	0.000000
8.443761	0.000000	0.000000
8.449806	0.000000	0.000000
8.455851	0.000000	0.000000
8.461895	0.000000	0.000000
8.467940	0.000000	0.000000
8.473985	0.000000	0.000000
8.480030	0.000000	0.000000
8.486075	0.000000	0.000000
8.492119	0.000000	0.000000
8.498164	0.000000	0.000000
