#Solvent Differentials
#Q(Ang^(-1)   DS/DT     DS/Drho
0.005253	0.000000	0.000000
0.011297	0.000000	0.000000
0.017342	0.000000	0.000000
0.023387	0.000000	0.000000
0.029432	0.000000	0.000000
0.035477	0.000000	0.000000
0.041521	0.000000	0.000000
0.047566	0.000000	0.000000
0.053611	0.000000	0.000000
0.059656	0.000000	0.000000
0.065700	0.000000	0.000000
0.071745	0.000000	0.000000
0.077790	0.000000	0.000000
0.083835	0.000000	0.000000
0.089880	0.000000	0.000000
0.095924	0.000000	0.000000
0.101969	0.000000	0.000000
0.108014	0.000000	0.000000
0.114059	0.000000	0.000000
0.120103	0.000000	0.000000
0.126148	0.000000	0.000000
0.132193	0.000000	0.000000
0.138238	0.000000	0.000000
0.144283	0.000000	0.000000
0.150327	0.000000	0.000000
0.156372	0.000000	0.000000
0.162417	0.000000	0.000000
0.168462	0.000000	0.000000
0.174506	0.000000	0.000000
0.180551	0.000000	0.000000
0.186596	0.000000	0.000000
0.192641	0.000000	0.000000
0.198685	0.000000	0.000000
0.204730	0.000000	0.000000
0.210775	0.000000	0.000000
0.216820	0.000000	0.000000
0.222865	0.000000	0.000000
0.228909	0.000000	0.000000
0.234954	0.000000	0.000000
0.240999	0.000000	0.000000
0.247044	0.000000	0.000000
0.253088	0.000000	0.000000
0.259133	0.000000	0.000000
0.265178	0.000000	0.000000
0.271223	0.000000	0.000000
0.277268	0.000000	0.000000
0.283312	0.000000	0.000000
0.289357	0.000000	0.000000
0.295402	0.000000	0.000000
0.301447	0.000000	0.000000
0.307491	0.000000	0.000000
0.313536	0.000000	0.000000
0.319581	0.000000	0.000000
0.325626	0.000000	0.000000
0.331671	0.000000	0.000000
0.337715	0.000000	0.000000
0.343760	0.000000	0.000000
0.349805	0.000000	0.000000
0.355850	0.000000	0.000000
0.361894	0.000000	0.000000
0.367939	-0.052098	-0.447400
0.373984	-0.058328	-0.462424
0.380029	-0.039875	-0.472368
0.386074	-0.042303	-0.461736
0.392118	-0.034069	-0.462974
0.398163	-0.039018	-0.450951
0.404208	-0.049646	-0.472933
0.410253	-0.033953	-0.454313
0.416297	-0.034238	-0.468004
0.422342	-0.047644	-0.464650
0.428387	-0.046775	-0.473000
0.434432	-0.047482	-0.481733
0.440477	-0.053458	-0.500055
0.446521	-0.042825	-0.498497
0.452566	-0.044041	-0.502118
0.458611	-0.035446	-0.492203
0.464656	-0.035848	-0.484036
0.470700	-0.050223	-0.495004
0.476745	-0.061308	-0.509403
0.482790	-0.060295	-0.507176
0.488835	-0.056703	-0.526169
0.494880	-0.041446	-0.523519
0.500924	-0.042921	-0.524098
0.506969	-0.050163	-0.538428
0.513014	-0.047508	-0.547141
0.519059	-0.049566	-0.547984
0.525103	-0.051628	-0.551189
0.531148	-0.048741	-0.546640
0.537193	-0.036772	-0.548799
0.543238	-0.033809	-0.555892
0.549283	-0.040591	-0.562597
0.555327	-0.038407	-0.579270
0.561372	-0.035161	-0.574904
0.567417	-0.041409	-0.581593
0.573462	-0.048549	-0.585689
0.579506	-0.036425	-0.599455
0.585551	-0.040255	-0.600342
0.591596	-0.042367	-0.596929
0.597641	-0.043445	-0.611454
0.603686	-0.038614	-0.592226
0.609730	-0.036952	-0.611947
0.615775	-0.030835	-0.600658
0.621820	-0.026614	-0.602089
0.627865	-0.024779	-0.596313
0.633909	-0.023582	-0.594498
0.639954	-0.017345	-0.591681
0.645999	-0.011309	-0.596982
0.652044	-0.018305	-0.597105
0.658089	-0.020473	-0.599550
0.664133	-0.015864	-0.593675
0.670178	-0.024662	-0.611028
0.676223	-0.025787	-0.599229
0.682268	-0.034266	-0.611524
0.688312	-0.036324	-0.605570
0.694357	-0.041523	-0.598744
0.700402	-0.040495	-0.591939
0.706447	-0.044738	-0.596322
0.712492	-0.039221	-0.596352
0.718536	-0.044452	-0.582970
0.724581	-0.043239	-0.582828
0.730626	-0.044587	-0.574372
0.736671	-0.046133	-0.561959
0.742715	-0.057607	-0.549034
0.748760	-0.063724	-0.542493
0.754805	-0.064475	-0.546597
0.760850	-0.064974	-0.534734
0.766895	-0.065131	-0.528325
0.772939	-0.073196	-0.517500
0.778984	-0.073322	-0.503553
0.785029	-0.069095	-0.494634
0.791074	-0.058290	-0.473168
0.797118	-0.064038	-0.473110
0.803163	-0.075159	-0.453526
0.809208	-0.090441	-0.460468
0.815253	-0.099312	-0.446881
0.821298	-0.096554	-0.434834
0.827342	-0.090087	-0.422560
0.833387	-0.098264	-0.414782
0.839432	-0.087070	-0.395568
0.845477	-0.098281	-0.385005
0.851521	-0.084329	-0.378994
0.857566	-0.092947	-0.367974
0.863611	-0.080347	-0.366477
0.869656	-0.089235	-0.347101
0.875701	-0.089784	-0.342250
0.881745	-0.087418	-0.336855
0.887790	-0.081111	-0.329696
0.893835	-0.085526	-0.316026
0.899880	-0.069779	-0.307649
0.905924	-0.079370	-0.306802
0.911969	-0.081047	-0.294182
0.918014	-0.086122	-0.296873
0.924059	-0.082506	-0.291622
0.930103	-0.078863	-0.289641
0.936148	-0.073687	-0.283817
0.942193	-0.054601	-0.272686
0.948238	-0.055814	-0.268675
0.954283	-0.048117	-0.258436
0.960327	-0.055326	-0.267092
0.966372	-0.052482	-0.249782
0.972417	-0.058686	-0.255076
0.978462	-0.056247	-0.247890
0.984506	-0.055274	-0.255814
0.990551	-0.044534	-0.248112
0.996596	-0.046131	-0.253947
1.002641	-0.043452	-0.238025
1.008686	-0.035125	-0.237763
1.014730	-0.040069	-0.235623
1.020775	-0.041199	-0.236827
1.026820	-0.044843	-0.240388
1.032865	-0.042354	-0.239078
1.038909	-0.038795	-0.246990
1.044954	-0.027871	-0.240466
1.050999	-0.032285	-0.246027
1.057044	-0.021363	-0.243131
1.063089	-0.023800	-0.242373
1.069133	-0.018224	-0.247868
1.075178	-0.015671	-0.242998
1.081223	-0.020788	-0.244150
1.087268	-0.002932	-0.248054
1.093312	-0.010871	-0.246163
1.099357	-0.002307	-0.255645
1.105402	-0.009753	-0.253894
1.111447	-0.013969	-0.270696
1.117492	-0.013473	-0.266867
1.123536	-0.013586	-0.264948
1.129581	-0.013185	-0.275217
1.135626	-0.011787	-0.272192
1.141671	-0.010908	-0.282989
1.147715	-0.010365	-0.280320
1.153760	-0.007820	-0.282550
1.159805	-0.002781	-0.280604
1.165850	-0.004204	-0.290794
1.171895	0.001210	-0.287526
1.177939	0.003249	-0.300917
1.183984	0.006018	-0.302142
1.190029	0.013347	-0.303527
1.196074	0.005310	-0.315749
1.202118	0.013399	-0.315059
1.208163	0.008494	-0.322802
1.214208	0.018271	-0.321974
1.220253	0.021255	-0.317751
1.226298	0.026610	-0.321035
1.232342	0.024978	-0.328310
1.238387	0.029083	-0.328954
1.244432	0.029289	-0.339485
1.250477	0.039102	-0.335521
1.256521	0.034870	-0.336438
1.262566	0.040473	-0.338417
1.268611	0.034400	-0.341857
1.274656	0.041798	-0.347970
1.280701	0.036889	-0.352311
1.286745	0.044600	-0.364730
1.292790	0.036701	-0.363840
1.298835	0.035884	-0.365895
1.304880	0.041254	-0.354769
1.310924	0.035414	-0.363747
1.316969	0.038039	-0.354639
1.323014	0.032785	-0.366159
1.329059	0.032400	-0.372965
1.335104	0.034260	-0.368856
1.341148	0.032165	-0.370977
1.347193	0.032854	-0.365546
1.353238	0.025412	-0.359193
1.359283	0.025533	-0.351846
1.365327	0.022481	-0.346739
1.371372	0.024391	-0.333082
1.377417	0.015544	-0.338136
1.383462	0.010509	-0.333620
1.389507	0.014672	-0.319312
1.395551	0.006018	-0.317748
1.401596	0.007676	-0.298801
1.407641	-0.001766	-0.283297
1.413686	-0.003291	-0.267230
1.419730	0.000044	-0.248255
1.425775	-0.016105	-0.240036
1.431820	-0.017196	-0.217697
1.437865	-0.030561	-0.197981
1.443910	-0.029770	-0.167636
1.449954	-0.036034	-0.152028
1.455999	-0.027149	-0.119240
1.462044	-0.039700	-0.100653
1.468089	-0.040544	-0.063124
1.474133	-0.054647	-0.043405
1.480178	-0.045949	-0.008763
1.486223	-0.054907	0.010333
1.492268	-0.066075	0.007891
1.498313	-0.061971	0.033428
1.504357	-0.065524	0.047832
1.510402	-0.065041	0.074340
1.516447	-0.065324	0.097314
1.522492	-0.067903	0.113541
1.528536	-0.061525	0.137319
1.534581	-0.069366	0.157402
1.540626	-0.066087	0.185800
1.546671	-0.069489	0.192238
1.552716	-0.064703	0.217001
1.558760	-0.071582	0.230010
1.564805	-0.072868	0.245100
1.570850	-0.067179	0.250295
1.576895	-0.068360	0.263675
1.582939	-0.055335	0.269757
1.588984	-0.069960	0.268384
1.595029	-0.058955	0.268387
1.601074	-0.061553	0.281654
1.607118	-0.053231	0.281433
1.613163	-0.040685	0.286849
1.619208	-0.045599	0.285934
1.625253	-0.031246	0.277705
1.631298	-0.039873	0.270880
1.637342	-0.025835	0.266167
1.643387	-0.029833	0.263772
1.649432	-0.022799	0.258150
1.655477	-0.021043	0.246903
1.661521	-0.019878	0.233810
1.667566	-0.013114	0.227756
1.673611	-0.019556	0.224834
1.679656	-0.022839	0.210621
1.685701	-0.023351	0.210792
1.691745	-0.020483	0.200956
1.697790	-0.018165	0.190487
1.703835	-0.003423	0.192807
1.709880	-0.002943	0.184926
1.715924	0.007191	0.176671
1.721969	-0.000886	0.167985
1.728014	0.011158	0.162968
1.734059	0.012693	0.169344
1.740104	0.018305	0.159849
1.746148	0.017241	0.154932
1.752193	0.018727	0.146567
1.758238	0.019397	0.143984
1.764283	0.018451	0.132476
1.770327	0.021483	0.128732
1.776372	0.025746	0.117520
1.782417	0.023488	0.115657
1.788462	0.026315	0.107285
1.794507	0.026496	0.103029
1.800551	0.028945	0.100620
1.806596	0.029162	0.099277
1.812641	0.026380	0.095183
1.818686	0.027431	0.084199
1.824730	0.023474	0.086971
1.830775	0.025435	0.079730
1.836820	0.026783	0.080309
1.842865	0.024241	0.080931
1.848910	0.023826	0.073840
1.854954	0.026669	0.068145
1.860999	0.021702	0.060860
1.867044	0.025326	0.052888
1.873089	0.023602	0.049171
1.879133	0.026315	0.047934
1.885178	0.026160	0.042888
1.891223	0.024322	0.039539
1.897268	0.028276	0.038803
1.903313	0.030818	0.040166
1.909357	0.030704	0.040930
1.915402	0.027719	0.035121
1.921447	0.031930	0.037805
1.927492	0.023643	0.027757
1.933536	0.025620	0.031241
1.939581	0.023345	0.035301
1.945626	0.027788	0.028580
1.951671	0.028196	0.029760
1.957716	0.027724	0.018120
1.963760	0.030245	0.024281
1.969805	0.029616	0.015884
1.975850	0.027454	0.018202
1.981895	0.023417	0.016929
1.987939	0.021008	0.018576
1.993984	0.020905	0.018043
2.000029	0.023845	0.019411
2.006074	0.019416	0.015590
2.012119	0.024914	0.015577
2.018163	0.021558	0.011195
2.024208	0.022376	0.015544
2.030253	0.024901	0.013300
2.036298	0.021339	0.009601
2.042342	0.028445	0.012212
2.048387	0.025655	0.006742
2.054432	0.029635	0.012019
2.060477	0.028220	0.011668
2.066522	0.033549	0.012241
2.072566	0.035193	0.012779
2.078611	0.031866	0.011041
2.084656	0.031615	0.010100
2.090701	0.030312	0.005966
2.096745	0.026924	0.004124
2.102790	0.029543	0.001843
2.108835	0.029012	0.001278
2.114880	0.025840	0.002853
2.120925	0.027003	0.002994
2.126969	0.023124	0.004570
2.133014	0.023465	0.005164
2.139059	0.026254	0.004544
2.145104	0.024851	0.006335
2.151148	0.025779	0.000225
2.157193	0.027675	0.003198
2.163238	0.024007	-0.002024
2.169283	0.023558	0.003429
2.175328	0.022667	0.005955
2.181372	0.018262	-0.002033
2.187417	0.021145	0.001716
2.193462	0.019116	-0.005571
2.199507	0.019999	-0.005275
2.205551	0.017705	-0.005173
2.211596	0.019399	-0.005430
2.217641	0.019366	-0.004032
2.223686	0.019257	-0.001443
2.229731	0.020335	-0.002996
2.235775	0.021928	-0.005805
2.241820	0.017966	-0.007476
2.247865	0.017499	-0.006245
2.253910	0.014479	-0.007949
2.259954	0.016993	-0.006255
2.265999	0.019624	-0.004616
2.272044	0.019762	-0.003906
2.278089	0.016358	-0.006063
2.284134	0.018492	-0.003758
2.290178	0.020751	-0.008617
2.296223	0.022378	-0.000436
2.302268	0.022702	-0.003943
2.308313	0.020304	-0.008337
2.314357	0.022166	-0.003089
2.320402	0.018154	-0.006110
2.326447	0.016901	-0.004291
2.332492	0.013226	-0.005130
2.338536	0.013888	-0.004503
2.344581	0.014895	-0.008077
2.350626	0.015932	-0.007696
2.356671	0.015648	-0.012748
2.362716	0.014175	-0.015184
2.368760	0.019226	-0.013949
2.374805	0.019484	-0.006870
2.380850	0.016505	-0.007980
2.386895	0.016324	-0.000634
2.392939	0.010251	-0.001333
2.398984	0.009888	0.000343
2.405029	0.009114	-0.004243
2.411074	0.011141	-0.000523
2.417119	0.014057	-0.002093
2.423163	0.015589	-0.004447
2.429208	0.011928	-0.008203
2.435253	0.010617	-0.006151
2.441298	0.007356	-0.006533
2.447342	0.009108	-0.006351
2.453387	0.007480	-0.002418
2.459432	0.008198	-0.006042
2.465477	0.002950	-0.006628
2.471522	0.007113	-0.010262
2.477566	0.009846	-0.006451
2.483611	0.011482	-0.005325
2.489656	0.010713	-0.006511
2.495701	0.013765	-0.001499
2.501745	0.006989	-0.003647
2.507790	0.009114	-0.005650
2.513835	0.006622	-0.005784
2.519880	0.005633	-0.007277
2.525925	0.002878	-0.011319
2.531969	0.005676	-0.008609
2.538014	0.004907	-0.010044
2.544059	0.004823	-0.009271
2.550104	0.009294	-0.009329
2.556148	0.008204	-0.010249
2.562193	0.008022	-0.007758
2.568238	0.006540	-0.008119
2.574283	0.003905	-0.007018
2.580328	0.005582	-0.006078
2.586372	0.004214	-0.006327
2.592417	0.002929	-0.005863
2.598462	0.002166	-0.005888
2.604507	0.000529	-0.008372
2.610551	0.004213	-0.008441
2.616596	0.004071	-0.007001
2.622641	0.004080	-0.006909
2.628686	0.003366	-0.008722
2.634731	0.000375	-0.006999
2.640775	0.001868	-0.004206
2.646820	-0.004522	-0.006310
2.652865	-0.002432	-0.004323
2.658910	-0.002991	-0.003751
2.664954	0.002012	-0.005033
2.670999	-0.002717	-0.004304
2.677044	-0.000374	-0.008171
2.683089	-0.001274	-0.007348
2.689134	-0.000063	-0.008771
2.695178	-0.003270	-0.006040
2.701223	-0.001710	-0.004490
2.707268	-0.002204	-0.005863
2.713313	0.002092	-0.004263
2.719357	-0.000025	-0.004858
2.725402	-0.001686	-0.002797
2.731447	-0.003418	-0.006712
2.737492	-0.007117	-0.005355
2.743537	-0.007817	-0.009201
2.749581	-0.006820	-0.005608
2.755626	-0.006457	-0.004155
2.761671	-0.005447	-0.007235
2.767716	-0.005169	-0.006910
2.773760	-0.006944	-0.006548
2.779805	-0.006883	-0.006278
2.785850	-0.005601	-0.002912
2.791895	-0.004393	-0.002573
2.797940	-0.004729	-0.006513
2.803984	-0.005925	-0.004794
2.810029	-0.004571	-0.003501
2.816074	-0.003582	0.000554
2.822119	-0.006298	-0.002259
2.828163	-0.007249	-0.005944
2.834208	-0.007392	-0.003205
2.840253	-0.007847	-0.006220
2.846298	-0.009414	-0.003661
2.852343	-0.010904	-0.005397
2.858387	-0.009542	-0.005879
2.864432	-0.013460	-0.004945
2.870477	-0.012363	-0.007151
2.876522	-0.009619	-0.006105
2.882566	-0.008235	-0.003847
2.888611	-0.011852	-0.000841
2.894656	-0.010337	-0.000222
2.900701	-0.009644	-0.001922
2.906746	-0.008680	-0.001286
2.912790	-0.009722	-0.004368
2.918835	-0.010926	-0.006481
2.924880	-0.010318	-0.003381
2.930925	-0.008197	0.000969
2.936969	-0.013872	-0.005061
2.943014	-0.012226	-0.003411
2.949059	-0.013992	-0.003000
2.955104	-0.013392	-0.001973
2.961149	-0.014553	-0.001209
2.967193	-0.012542	-0.000206
2.973238	-0.012515	-0.002728
2.979283	-0.010066	-0.004870
2.985328	-0.012535	-0.005556
2.991372	-0.010190	-0.003149
2.997417	-0.012899	-0.004989
3.003462	-0.012914	-0.005462
3.009507	-0.014843	-0.006875
3.015551	-0.014988	-0.006287
3.021596	-0.011773	-0.005497
3.027641	-0.015884	-0.005092
3.033686	-0.015573	-0.007414
3.039731	-0.014610	-0.006823
3.045775	-0.017070	-0.008247
3.051820	-0.018313	-0.005841
3.057865	-0.015463	-0.003312
3.063910	-0.017039	-0.005203
3.069954	-0.014843	-0.001707
3.075999	-0.012460	-0.004404
3.082044	-0.011199	-0.003851
3.088089	-0.010002	-0.005604
3.094134	-0.007852	-0.003628
3.100178	-0.008491	-0.003475
3.106223	-0.008988	-0.006739
3.112268	-0.012309	-0.006565
3.118313	-0.009150	-0.006543
3.124357	-0.008960	-0.005853
3.130402	-0.008600	-0.006209
3.136447	-0.008799	-0.004529
3.142492	-0.009626	-0.004024
3.148537	-0.009006	-0.003236
3.154581	-0.010516	-0.001765
3.160626	-0.007838	-0.002156
3.166671	-0.010900	-0.003043
3.172716	-0.012295	-0.003358
3.178760	-0.010938	-0.001408
3.184805	-0.009557	-0.000633
3.190850	-0.006353	0.002450
3.196895	-0.007058	-0.000772
3.202940	-0.006484	0.001574
3.208984	-0.008101	0.000004
3.215029	-0.008541	0.001520
3.221074	-0.010270	0.000422
3.227119	-0.009971	-0.000931
3.233163	-0.009784	-0.002133
3.239208	-0.007323	-0.001644
3.245253	-0.007213	-0.001900
3.251298	-0.011382	-0.003295
3.257343	-0.008895	-0.001140
3.263387	-0.009437	0.000969
3.269432	-0.005889	0.003517
3.275477	-0.003589	0.004191
3.281522	-0.002173	0.005103
3.287566	-0.002570	0.005433
3.293611	-0.002854	0.006947
3.299656	-0.007992	0.003434
3.305701	-0.007692	0.002444
3.311746	-0.006990	-0.000042
3.317790	-0.006715	-0.001274
3.323835	-0.006498	-0.002510
3.329880	-0.001038	0.000220
3.335925	-0.001017	-0.000308
3.341969	-0.002237	-0.001232
3.348014	-0.005364	-0.001980
3.354059	-0.005685	0.001616
3.360104	-0.009894	0.000832
3.366149	-0.008717	0.000469
3.372193	-0.008704	-0.000006
3.378238	-0.004052	0.001991
3.384283	-0.005076	-0.001511
3.390328	-0.003617	0.000573
3.396372	-0.002933	0.000276
3.402417	-0.002853	-0.000004
3.408462	-0.002596	0.000356
3.414507	-0.001768	0.000778
3.420552	-0.002041	0.006221
3.426596	-0.001305	0.005947
3.432641	-0.001098	0.004220
3.438686	-0.002546	0.004276
3.444731	-0.001929	0.002215
3.450775	-0.002618	0.000098
3.456820	-0.000491	0.000224
3.462865	-0.000176	0.000618
3.468910	-0.003444	0.001347
3.474955	-0.002424	0.003828
3.480999	-0.002500	0.002076
3.487044	-0.004110	0.001982
3.493089	-0.001738	0.000338
3.499134	0.000166	0.001317
3.505178	-0.000993	0.004606
3.511223	-0.000566	0.005229
3.517268	-0.000078	0.004512
3.523313	-0.000745	0.002808
3.529358	-0.000980	0.001474
3.535402	-0.003578	0.002257
3.541447	-0.001920	0.002195
3.547492	-0.004021	-0.000434
3.553537	-0.003475	0.003575
3.559581	-0.001697	0.003156
3.565626	-0.001967	0.001558
3.571671	-0.002205	0.000459
3.577716	-0.000602	0.002173
3.583761	-0.000430	0.001610
3.589805	0.001251	0.002281
3.595850	-0.000138	0.004836
3.601895	-0.001103	0.005199
3.607940	0.000999	0.003909
3.613984	-0.000532	0.004174
3.620029	0.002120	0.007258
3.626074	-0.000995	0.004933
3.632119	0.001481	0.006550
3.638164	-0.004406	0.002576
3.644208	-0.003114	0.000818
3.650253	-0.003276	0.000179
3.656298	-0.002098	0.000220
3.662343	0.000893	0.001404
3.668387	0.001160	0.001001
3.674432	0.003929	0.002584
3.680477	0.001662	0.001724
3.686522	0.001810	-0.001151
3.692567	0.000980	-0.001584
3.698611	0.000468	-0.003302
3.704656	-0.002015	-0.002548
3.710701	-0.000870	-0.000423
3.716746	0.000196	0.000911
3.722790	0.001495	0.002359
3.728835	0.006437	0.005270
3.734880	0.003461	0.000982
3.740925	0.005984	0.001562
3.746969	0.004502	0.003785
3.753014	0.002939	0.004157
3.759059	0.003746	0.003563
3.765104	0.002628	0.002727
3.771149	0.000561	0.002627
3.777193	-0.000025	0.002394
3.783238	-0.000001	0.003050
3.789283	0.001634	0.001965
3.795328	-0.000834	0.000645
3.801372	0.001611	0.001822
3.807417	-0.000578	0.001190
3.813462	0.000137	0.000301
3.819507	0.000007	0.001628
3.825552	-0.001896	-0.000148
3.831596	-0.000061	0.000843
3.837641	0.002178	0.004373
3.843686	0.002078	0.003728
3.849731	0.002129	0.004834
3.855775	0.002641	0.004035
3.861820	0.001510	0.006287
3.867865	0.003796	0.007586
3.873910	0.004383	0.007921
3.879955	0.004544	0.006064
3.885999	0.002568	0.004538
3.892044	0.003345	0.005369
3.898089	0.003857	0.005069
3.904134	0.003898	0.005426
3.910178	0.002261	0.005050
3.916223	0.000104	0.004736
3.922268	0.001083	0.005949
3.928313	0.000851	0.005365
3.934358	0.002685	0.004799
3.940402	0.004303	0.004982
3.946447	0.002668	0.003435
3.952492	0.004225	0.004971
3.958537	0.001823	0.004100
3.964581	0.000834	0.002344
3.970626	0.001670	0.004403
3.976671	0.001838	0.003582
3.982716	0.003472	0.004239
3.988761	0.004229	0.002818
3.994805	0.006971	0.003970
4.000850	0.005994	0.004494
4.006895	0.004380	0.002402
4.012940	0.003674	0.003744
4.018984	0.001061	0.000277
4.025029	0.000498	0.001500
4.031074	-0.001129	-0.002303
4.037119	-0.000883	-0.001061
4.043164	-0.000356	-0.000321
4.049208	0.000861	0.000821
4.055253	0.001890	-0.000201
4.061298	0.001512	-0.000425
4.067343	0.003078	0.000124
4.073387	0.004389	0.001369
4.079432	0.004656	0.002191
4.085477	0.006182	0.002215
4.091522	0.006552	0.002968
4.097567	0.005707	0.003470
4.103611	0.005951	0.001143
4.109656	0.005396	-0.000702
4.115701	0.004373	-0.001383
4.121746	0.003356	-0.002508
4.127790	0.003399	0.000544
4.133835	0.002783	0.003285
4.139880	0.002613	0.002436
4.145925	0.003098	0.002550
4.151970	0.001855	0.001828
4.158014	0.003397	0.001715
4.164059	0.001536	0.000420
4.170104	0.002137	-0.000535
4.176149	0.002438	-0.001232
4.182193	0.003242	-0.003393
4.188238	0.003573	-0.001930
4.194283	0.002668	0.001091
4.200328	0.002848	0.001175
4.206373	0.005099	0.002683
4.212417	0.005079	0.001904
4.218462	0.006322	0.001969
4.224507	0.004775	0.001527
4.230552	0.002191	0.000172
4.236596	0.004071	-0.000208
4.242641	0.002401	-0.002228
4.248686	0.004441	0.000524
4.254731	0.004366	0.002639
4.260776	0.001906	0.003156
4.266820	0.002576	0.003541
4.272865	0.006174	0.002724
4.278910	0.007627	0.003423
4.284955	0.005352	0.001898
4.290999	0.003397	0.001032
4.297044	0.002795	-0.000152
4.303089	0.003973	-0.000432
4.309134	0.004142	-0.001201
4.315179	0.003538	-0.001329
4.321223	0.002451	-0.000918
4.327268	-0.000491	-0.001487
4.333313	0.000320	-0.001166
4.339358	0.000426	0.000254
4.345402	0.000010	-0.001312
4.351447	-0.001392	-0.003374
4.357492	-0.001601	-0.003526
4.363537	-0.000334	-0.000331
4.369582	0.003535	0.000403
4.375626	0.005393	0.000694
4.381671	0.004294	-0.001677
4.387716	0.001105	-0.003501
4.393761	0.001978	-0.002859
4.399805	0.003375	-0.002896
4.405850	0.003692	-0.001567
4.411895	0.006412	-0.000691
4.417940	0.006663	-0.001454
4.423984	0.004531	-0.004395
4.430029	0.002889	-0.002822
4.436074	0.002222	-0.003164
4.442119	0.003360	-0.000841
4.448164	0.002697	-0.001377
4.454208	0.002366	-0.001315
4.460253	0.002675	-0.003107
4.466298	0.000997	-0.004563
4.472343	0.001368	-0.002776
4.478387	0.000626	-0.001222
4.484432	-0.000305	-0.000978
4.490477	-0.000569	-0.000509
4.496522	0.000618	0.001948
4.502567	0.000450	0.001156
4.508611	0.002548	0.002548
4.514656	0.003871	0.001929
4.520701	0.003030	0.001196
4.526746	0.002002	0.002517
4.532790	0.002463	0.002597
4.538835	0.004050	0.002226
4.544880	0.002566	0.001376
4.550925	0.002432	0.002711
4.556970	0.001515	0.002878
4.563014	0.001522	0.000893
4.569059	0.000221	0.000208
4.575104	0.002798	0.000583
4.581149	0.003566	-0.000189
4.587193	0.004035	0.000508
4.593238	0.004680	0.000995
4.599283	0.002407	0.001108
4.605328	0.000490	-0.001592
4.611373	0.000547	-0.001605
4.617417	-0.001567	-0.004923
4.623462	-0.003544	-0.005475
4.629507	-0.003908	-0.006426
4.635552	-0.001174	-0.005194
4.641596	-0.000010	-0.002876
4.647641	0.002333	-0.002102
4.653686	0.003160	-0.002496
4.659731	0.002012	-0.004724
4.665776	0.003145	-0.001579
4.671820	0.003047	-0.002058
4.677865	0.001445	-0.002093
4.683910	0.001463	-0.002891
4.689955	0.002173	-0.002466
4.695999	0.001840	-0.002552
4.702044	0.003160	-0.002824
4.708089	0.004321	-0.001545
4.714134	0.002467	-0.002685
4.720179	0.001692	-0.004874
4.726223	0.003420	-0.003444
4.732268	0.005110	0.000184
4.738313	0.003764	-0.001600
4.744358	0.003564	-0.000895
4.750402	0.004286	0.000291
4.756447	0.006095	0.000333
4.762492	0.004847	-0.002007
4.768537	0.000851	-0.000866
4.774582	0.001648	0.000794
4.780626	0.002623	0.002282
4.786671	0.000588	0.001068
4.792716	0.000696	0.000232
4.798761	-0.000556	-0.000435
4.804805	-0.000261	0.000179
4.810850	0.000851	0.000339
4.816895	0.001470	-0.000815
4.822940	-0.000284	-0.003484
4.828985	-0.000835	-0.002845
4.835029	-0.002884	-0.002653
4.841074	-0.001594	-0.000467
4.847119	-0.002448	-0.002559
4.853164	-0.000034	-0.003162
4.859208	0.002635	-0.001871
4.865253	0.003387	-0.000190
4.871298	0.000007	-0.001883
4.877343	0.000736	-0.001807
4.883388	0.001196	0.000850
4.889432	0.000813	0.001511
4.895477	0.002407	0.002453
4.901522	0.000457	-0.001079
4.907567	-0.000148	-0.001125
4.913611	0.001769	-0.001816
4.919656	0.000869	-0.002453
4.925701	-0.000813	-0.000641
4.931746	-0.001373	0.000083
4.937791	-0.003606	0.001859
4.943835	-0.002727	0.001591
4.949880	-0.000866	0.000227
4.955925	0.000402	0.000154
4.961970	0.000010	0.000692
4.968014	-0.002029	-0.001267
4.974059	-0.002929	-0.001494
4.980104	-0.000869	0.000400
4.986149	0.000166	0.000503
4.992194	-0.000837	-0.002356
4.998238	-0.002253	-0.003820
5.004283	-0.002477	-0.003150
5.010328	-0.001526	-0.001799
5.016373	-0.000492	-0.001724
5.022417	0.000969	-0.001577
5.028462	-0.000003	-0.001373
5.034507	-0.000655	-0.002024
5.040552	-0.001511	-0.001415
5.046597	-0.001838	0.000938
5.052641	-0.001646	-0.002056
5.058686	-0.000861	-0.002371
5.064731	0.000679	-0.001956
5.070776	0.000866	-0.002907
5.076820	-0.000976	-0.000865
5.082865	-0.001559	0.002005
5.088910	-0.002371	0.002446
5.094955	-0.001487	0.002861
5.100999	-0.001962	0.001166
5.107044	-0.001271	0.001155
5.113089	-0.002977	0.000334
5.119134	-0.003724	-0.001903
5.125179	-0.004465	-0.002369
5.131223	-0.001929	-0.001094
5.137268	-0.001511	0.001626
5.143313	-0.001346	0.003185
5.149358	-0.000522	0.001921
5.155402	-0.004402	-0.000069
5.161447	-0.004124	-0.000390
5.167492	-0.004366	-0.000073
5.173537	-0.003644	0.002040
5.179582	-0.003439	0.000506
5.185626	-0.003911	0.000261
5.191671	-0.004650	0.000749
5.197716	-0.003369	0.000810
5.203761	-0.002294	-0.001743
5.209805	-0.001668	-0.000545
5.215850	-0.003121	0.001589
5.221895	-0.004759	0.001848
5.227940	-0.005369	0.001705
5.233985	-0.005189	0.003080
5.240029	-0.005114	0.001152
5.246074	-0.004371	0.001306
5.252119	-0.003973	0.003258
5.258164	-0.003382	0.006244
5.264208	-0.002805	0.006471
5.270253	-0.002184	0.004696
5.276298	-0.002225	0.004349
5.282343	-0.002139	0.004778
5.288388	-0.002611	0.003644
5.294432	-0.004218	0.002507
5.300477	-0.004972	-0.000060
5.306522	-0.004091	-0.001057
5.312567	-0.001048	0.002104
5.318611	-0.000550	0.003792
5.324656	-0.003090	0.003352
5.330701	-0.005266	0.001851
5.336746	-0.004850	0.001390
5.342791	-0.003850	0.001378
5.348835	-0.002596	0.000404
5.354880	-0.001088	0.001429
5.360925	-0.001202	0.003116
5.366970	-0.001962	0.004644
5.373014	-0.003612	0.002222
5.379059	-0.003437	0.000775
5.385104	-0.001536	0.000692
5.391149	-0.001278	0.000878
5.397194	-0.000790	0.001696
5.403238	-0.001160	-0.000574
5.409283	-0.003071	-0.001032
5.415328	-0.001115	0.001248
5.421373	-0.000375	0.003112
5.427417	-0.001105	0.004631
5.433462	-0.002190	0.005726
5.439507	-0.003318	0.005889
5.445552	-0.003904	0.003637
5.451597	-0.003688	0.001616
5.457641	-0.005790	-0.000571
5.463686	-0.005426	-0.003062
5.469731	-0.005788	-0.003878
5.475776	-0.003279	-0.001692
5.481820	-0.004348	-0.001419
5.487865	-0.002002	0.000960
5.493910	-0.002868	0.001282
5.499955	-0.003229	0.000215
5.506000	-0.004172	-0.001790
5.512044	-0.005035	-0.000599
5.518089	-0.001260	0.001365
5.524134	-0.000176	0.001380
5.530179	-0.002160	-0.000333
5.536223	-0.002685	-0.001452
5.542268	-0.002271	0.000629
5.548313	-0.000997	0.000411
5.554358	-0.003503	-0.000119
5.560403	-0.004176	0.001651
5.566447	-0.005468	0.001347
5.572492	-0.005498	0.000404
5.578537	-0.005699	0.001036
5.584582	-0.003071	0.001323
5.590626	-0.003617	0.001931
5.596671	-0.006207	-0.000805
5.602716	-0.006642	-0.000551
5.608761	-0.006546	0.000128
5.614806	-0.007464	0.000117
5.620850	-0.007876	0.001162
5.626895	-0.004237	0.001933
5.632940	-0.002855	-0.000346
5.638985	-0.003661	0.001465
5.645029	-0.003122	0.002867
5.651074	-0.003413	0.001378
5.657119	-0.003581	0.002687
5.663164	-0.003071	0.002709
5.669209	-0.003641	0.001165
5.675253	-0.003866	-0.000081
5.681298	-0.002929	-0.001216
5.687343	-0.001930	0.000169
5.693388	-0.001363	0.001672
5.699432	-0.000361	-0.001137
5.705477	-0.001905	-0.001949
5.711522	-0.002401	-0.001248
5.717567	-0.004338	-0.000975
5.723612	-0.005084	-0.000975
5.729656	-0.003870	-0.000260
5.735701	-0.001210	-0.000468
5.741746	-0.001534	0.001644
5.747791	-0.001756	0.001435
5.753835	-0.002373	-0.000381
5.759880	-0.001455	-0.000350
5.765925	-0.002027	-0.002459
5.771970	-0.000310	-0.001308
5.778015	0.000343	-0.000802
5.784059	-0.000062	0.000687
5.790104	-0.001596	0.001087
5.796149	-0.004105	0.000991
5.802194	-0.003661	-0.000428
5.808238	-0.005419	-0.002977
5.814283	-0.004925	-0.002156
5.820328	-0.002768	-0.003322
5.826373	-0.001684	-0.002098
5.832417	-0.000387	0.000156
5.838462	-0.001549	-0.000157
5.844507	-0.000948	0.000618
5.850552	0.002548	-0.000012
5.856597	0.001469	-0.000343
5.862641	0.002614	0.000790
5.868686	0.000405	-0.000202
5.874731	-0.001009	0.002234
5.880776	-0.000193	0.003179
5.886820	0.000872	0.003010
5.892865	0.000783	0.000457
5.898910	-0.002094	-0.000277
5.904955	-0.002573	-0.000594
5.911000	-0.000258	0.000110
5.917044	-0.002065	-0.001038
5.923089	-0.004411	-0.001547
5.929134	-0.004332	-0.002378
5.935179	-0.003042	-0.003503
5.941223	-0.003312	-0.004217
5.947268	-0.001989	-0.003809
5.953313	-0.000291	-0.001402
5.959358	0.003259	0.000795
5.965403	0.002249	0.000315
5.971447	0.001057	-0.000025
5.977492	0.001404	-0.001104
5.983537	0.000192	-0.001488
5.989582	-0.001054	-0.001097
5.995626	0.000573	-0.002127
6.001671	0.000425	-0.000009
6.007716	-0.002964	-0.003107
6.013761	-0.001267	-0.002307
6.019806	-0.001682	-0.001281
6.025850	-0.000236	0.000082
6.031895	-0.000336	-0.002363
6.037940	0.000230	-0.002246
6.043985	0.002798	-0.001268
6.050029	0.002206	0.001620
6.056074	0.001507	0.000633
6.062119	0.002486	0.000355
6.068164	-0.000083	-0.002004
6.074209	-0.000602	-0.004861
6.080253	-0.000951	-0.003517
6.086298	-0.000193	-0.001710
6.092343	-0.000354	0.002495
6.098388	-0.000755	0.003642
6.104432	0.001254	0.002452
6.110477	0.001412	0.001381
6.116522	0.001883	-0.003184
6.122567	0.002738	-0.001258
6.128612	0.002807	-0.001089
6.134656	0.004207	0.001356
6.140701	0.003015	0.001951
6.146746	0.000830	0.001926
6.152791	0.001216	0.000038
6.158835	0.000429	-0.003056
6.164880	0.000577	-0.005880
6.170925	-0.000305	-0.003483
6.176970	0.001538	-0.002199
6.183015	0.004458	-0.001626
6.189059	0.004156	-0.000768
6.195104	0.004799	0.002100
6.201149	0.003744	-0.001076
6.207194	0.002968	0.000608
6.213238	0.000142	-0.001400
6.219283	0.001002	0.000992
6.225328	0.002020	0.001597
6.231373	0.001064	0.001450
6.237418	0.000719	-0.000465
6.243462	0.000192	-0.002476
6.249507	0.001265	-0.002881
6.255552	0.000093	-0.001927
6.261597	0.000722	-0.001436
6.267641	-0.000490	-0.002425
6.273686	-0.000487	-0.002584
6.279731	-0.000545	-0.001413
6.285776	0.001333	0.000920
6.291821	0.002649	0.000054
6.297865	0.001741	-0.001724
6.303910	0.003609	-0.000300
6.309955	0.003696	0.000673
6.316000	0.001859	0.001066
6.322044	0.000231	-0.000728
6.328089	0.001081	0.000441
6.334134	0.000667	0.000296
6.340179	-0.000199	-0.002470
6.346224	0.001806	-0.001118
6.352268	0.000113	0.000620
6.358313	0.001380	0.001006
6.364358	0.002752	0.001301
6.370403	0.002085	0.000540
6.376447	0.001349	0.000174
6.382492	0.002606	-0.002168
6.388537	0.001989	-0.004145
6.394582	0.002253	-0.002503
6.400627	0.001861	-0.002865
6.406671	0.002920	-0.001053
6.412716	0.002171	-0.001594
6.418761	0.002848	0.000174
6.424806	0.003288	0.001688
6.430850	0.004812	0.002694
6.436895	0.006299	0.001447
6.442940	0.003818	0.002215
6.448985	0.004983	0.001923
6.455030	0.007670	0.002031
6.461074	0.007675	0.001516
6.467119	0.004018	-0.000078
6.473164	0.003380	-0.000785
6.479209	0.002916	0.001492
6.485253	0.004213	0.004214
6.491298	0.002174	0.001257
6.497343	0.002573	-0.000010
6.503388	-0.001302	-0.001993
6.509432	-0.000474	-0.001769
6.515477	-0.000037	-0.000804
6.521522	0.002634	-0.001337
6.527567	0.003595	-0.002058
6.533612	0.002325	-0.001009
6.539656	0.002958	0.001528
6.545701	0.001435	-0.000788
6.551746	0.002651	-0.001081
6.557791	0.004616	0.001721
6.563835	0.006411	0.001578
6.569880	0.006652	0.001018
6.575925	0.004819	0.000668
6.581970	0.001091	-0.001193
6.588015	0.001188	-0.000393
6.594059	0.004908	-0.001415
6.600104	0.001818	-0.002318
6.606149	0.001243	-0.004290
6.612194	0.001579	-0.004892
6.618238	0.002857	-0.005491
6.624283	0.002884	-0.004086
6.630328	-0.000983	-0.002184
6.636373	0.000106	-0.002470
6.642418	-0.000008	0.000832
6.648462	0.000889	0.000621
6.654507	0.002287	0.003784
6.660552	0.004052	0.006320
6.666597	0.003923	0.005106
6.672641	0.002861	0.002733
6.678686	0.003607	0.000234
6.684731	0.002558	-0.000983
6.690776	0.003204	-0.000306
6.696821	0.000134	-0.000090
6.702865	-0.000344	-0.001022
6.708910	0.001587	0.001412
6.714955	0.002163	0.001669
6.721000	0.003098	0.000868
6.727044	0.001684	0.001140
6.733089	0.000571	0.000294
6.739134	0.001463	0.001468
6.745179	0.003068	0.001435
6.751224	0.003318	0.001254
6.757268	0.001541	0.002328
6.763313	0.000782	0.003774
6.769358	-0.000454	0.003363
6.775403	0.001160	0.002323
6.781447	0.001099	-0.000148
6.787492	0.001539	0.001240
6.793537	0.001783	0.001163
6.799582	-0.000463	0.001861
6.805627	0.000877	0.000723
6.811671	0.000584	-0.001901
6.817716	0.001003	-0.002311
6.823761	-0.001189	-0.001344
6.829806	-0.001282	-0.000378
6.835850	-0.002679	-0.003585
6.841895	-0.002157	-0.003347
6.847940	-0.001311	-0.003318
6.853985	-0.000066	-0.002067
6.860030	0.002168	-0.000154
6.866074	0.001287	-0.002159
6.872119	0.002016	-0.000677
6.878164	-0.000451	0.001178
6.884209	-0.002562	0.002272
6.890253	-0.002089	-0.000051
6.896298	-0.003552	-0.001169
6.902343	-0.004894	-0.000795
6.908388	-0.003042	-0.003468
6.914433	0.001071	-0.003210
6.920477	0.001622	-0.001451
6.926522	0.000900	-0.000171
6.932567	0.001280	0.000533
6.938612	0.001289	0.002077
6.944656	0.001665	0.001787
6.950701	0.001236	0.001459
6.956746	0.000364	0.002530
6.962791	0.000343	0.000936
6.968836	0.000916	0.003038
6.974880	0.003913	0.003982
6.980925	0.005118	0.003369
6.986970	0.005075	0.003200
6.993015	0.003619	0.000882
6.999059	0.004423	-0.000519
7.005104	0.003497	-0.000653
7.011149	0.001487	0.000088
7.017194	-0.001178	-0.001717
7.023239	0.000347	-0.000273
7.029283	-0.000343	0.001393
7.035328	-0.000519	0.001785
7.041373	0.000837	0.003399
7.047418	-0.000351	0.002601
7.053462	0.000103	0.001220
7.059507	-0.001684	-0.002858
7.065552	-0.002489	-0.002518
7.071597	0.000753	-0.000798
7.077642	0.001318	-0.000559
7.083686	0.002507	0.002294
7.089731	0.000615	-0.000455
7.095776	0.000102	-0.000497
7.101821	-0.001270	-0.003535
7.107865	-0.000092	0.000482
7.113910	-0.000207	-0.000742
7.119955	-0.000320	-0.000293
7.126000	0.000075	-0.000094
7.132045	0.002484	0.000572
7.138089	0.001734	0.002255
7.144134	0.001471	0.002532
7.150179	-0.002005	0.001423
7.156224	-0.001845	0.001591
7.162268	-0.000948	0.002432
7.168313	0.000161	0.002610
7.174358	-0.000457	0.001449
7.180403	-0.001706	-0.001365
7.186448	0.000883	-0.000467
7.192492	0.000436	-0.000279
7.198537	-0.000272	-0.002049
7.204582	-0.002539	-0.002347
7.210627	-0.002847	-0.003635
7.216671	-0.001251	-0.000439
7.222716	-0.000914	0.002290
7.228761	-0.002809	0.002529
7.234806	-0.005323	0.002003
7.240850	-0.003976	0.000216
7.246895	0.000210	0.001686
7.252940	0.001402	0.001286
7.258985	-0.000234	0.000568
7.265030	-0.001728	-0.000010
7.271074	-0.001670	0.000147
7.277119	-0.001611	-0.000089
7.283164	0.000811	0.002148
7.289209	-0.000463	0.001128
7.295253	-0.002112	-0.001574
7.301298	-0.003231	-0.000215
7.307343	-0.001820	0.000765
7.313388	-0.000688	0.000866
7.319433	-0.001976	-0.003398
7.325477	-0.000453	-0.003437
7.331522	-0.001453	-0.002237
7.337567	-0.004022	-0.001420
7.343612	-0.003167	0.002365
7.349656	-0.003528	0.003662
7.355701	-0.001814	0.001977
7.361746	-0.002356	0.001574
7.367791	-0.003899	-0.000246
7.373836	-0.002065	0.002583
7.379880	-0.000719	0.003030
7.385925	-0.003401	0.003542
7.391970	-0.002846	0.000125
7.398015	-0.001344	0.002157
7.404059	0.000174	-0.001092
7.410104	0.001161	-0.000398
7.416149	-0.000062	-0.002584
7.422194	0.000265	-0.002914
7.428239	0.000025	-0.001261
7.434283	-0.002438	0.000300
7.440328	-0.002099	0.001194
7.446373	-0.001883	0.001564
7.452418	-0.000746	0.003003
7.458462	0.001268	0.000383
7.464507	0.001085	0.001068
7.470552	0.000553	0.001360
7.476597	-0.001735	0.000277
7.482642	0.000176	0.000480
7.488686	-0.000498	0.002435
7.494731	-0.001820	0.000948
7.500776	-0.003741	0.002223
7.506821	-0.001083	0.004313
7.512865	0.002044	0.003753
7.518910	0.002829	0.001799
7.524955	0.003369	-0.000830
7.531000	0.001773	-0.000703
7.537045	0.004086	-0.001021
7.543089	-0.000200	-0.002899
7.549134	-0.004503	-0.001167
7.555179	-0.002507	-0.000084
7.561224	0.000334	-0.000222
7.567268	0.000600	0.001628
7.573313	-0.001425	0.000706
7.579358	-0.000817	0.001350
7.585403	-0.005695	0.001329
7.591448	-0.003232	0.000833
7.597492	0.000598	0.000455
7.603537	0.001713	0.001965
7.609582	0.002427	0.003558
7.615627	0.001676	0.002172
7.621671	0.000866	0.004891
7.627716	0.002240	0.006084
7.633761	0.001831	0.003422
7.639806	-0.002621	0.000289
7.645851	-0.001469	-0.004000
7.651895	0.000378	-0.002536
7.657940	-0.001804	0.001486
7.663985	0.003490	0.004943
7.670030	0.002180	0.001649
7.676074	0.002254	-0.002336
7.682119	-0.000237	-0.001370
7.688164	0.000142	0.001652
7.694209	0.000275	0.001301
7.700254	0.003033	-0.001166
7.706298	0.000941	-0.004509
7.712343	-0.001098	-0.006956
7.718388	-0.005197	-0.006172
7.724433	-0.007236	-0.001702
7.730477	-0.001429	-0.000507
7.736522	0.000000	0.000000
7.742567	0.000000	0.000000
7.748612	0.000000	0.000000
7.754657	0.000000	0.000000
7.760701	0.000000	0.000000
7.766746	0.000000	0.000000
7.772791	0.000000	0.000000
7.778836	0.000000	0.000000
7.784880	0.000000	0.000000
7.790925	0.000000	0.000000
7.796970	0.000000	0.000000
7.803015	0.000000	0.000000
7.809060	0.000000	0.000000
7.815104	0.000000	0.000000
7.821149	0.000000	0.000000
7.827194	0.000000	0.000000
7.833239	0.000000	0.000000
7.839283	0.000000	0.000000
7.845328	0.000000	0.000000
7.851373	0.000000	0.000000
7.857418	0.000000	0.000000
7.863463	0.000000	0.000000
7.869507	0.000000	0.000000
7.875552	0.000000	0.000000
7.881597	0.000000	0.000000
7.887642	0.000000	0.000000
7.893686	0.000000	0.000000
7.899731	0.000000	0.000000
7.905776	0.000000	0.000000
7.911821	0.000000	0.000000
7.917865	0.000000	0.000000
7.923910	0.000000	0.000000
7.929955	0.000000	0.000000
7.936000	0.000000	0.000000
7.942045	0.000000	0.000000
7.948089	0.000000	0.000000
7.954134	0.000000	0.000000
7.960179	0.000000	0.000000
7.966224	0.000000	0.000000
7.972268	0.000000	0.000000
7.978313	0.000000	0.000000
7.984358	0.000000	0.000000
7.990403	0.000000	0.000000
7.996448	0.000000	0.000000
8.002492	0.000000	0.000000
8.008537	0.000000	0.000000
8.014582	0.000000	0.000000
8.020627	0.000000	0.000000
8.026671	0.000000	0.000000
8.032716	0.000000	0.000000
8.038761	0.000000	0.000000
8.044806	0.000000	0.000000
8.050851	0.000000	0.000000
8.056895	0.000000	0.000000
8.062940	0.000000	0.000000
8.068985	0.000000	0.000000
8.075030	0.000000	0.000000
8.081074	0.000000	0.000000
8.087119	0.000000	0.000000
8.093164	0.000000	0.000000
8.099209	0.000000	0.000000
8.105254	0.000000	0.000000
8.111298	0.000000	0.000000
8.117343	0.000000	0.000000
8.123388	0.000000	0.000000
8.129433	0.000000	0.000000
8.135477	0.000000	0.000000
8.141522	0.000000	0.000000
8.147567	0.000000	0.000000
8.153612	0.000000	0.000000
8.159657	0.000000	0.000000
8.165701	0.000000	0.000000
8.171746	0.000000	0.000000
8.177791	0.000000	0.000000
8.183836	0.000000	0.000000
8.189880	0.000000	0.000000
8.195925	0.000000	0.000000
8.201970	0.000000	0.000000
8.208015	0.000000	0.000000
8.214060	0.000000	0.000000
8.220104	0.000000	0.000000
8.226149	0.000000	0.000000
8.232194	0.000000	0.000000
8.238239	0.000000	0.000000
8.244283	0.000000	0.000000
8.250328	0.000000	0.000000
8.256373	0.000000	0.000000
8.262418	0.000000	0.000000
8.268463	0.000000	0.000000
8.274507	0.000000	0.000000
8.280552	0.000000	0.000000
8.286597	0.000000	0.000000
8.292642	0.000000	0.000000
8.298686	0.000000	0.000000
8.304731	0.000000	0.000000
8.310776	0.000000	0.000000
8.316821	0.000000	0.000000
8.322866	0.000000	0.000000
8.328910	0.000000	0.000000
8.334955	0.000000	0.000000
8.341000	0.000000	0.000000
8.347045	0.000000	0.000000
8.353089	0.000000	0.000000
8.359134	0.000000	0.000000
8.365179	0.000000	0.000000
8.371224	0.000000	0.000000
8.377269	0.000000	0.000000
8.383313	0.000000	0.000000
8.389358	0.000000	0.000000
8.395403	0.000000	0.000000
8.401448	0.000000	0.000000
8.407492	0.000000	0.000000
8.413537	0.000000	0.000000
8.419582	0.000000	0.000000
8.425627	0.000000	0.000000
8.431672	0.000000	0.000000
8.437716	0.000000	0.000000
8.443761	0.000000	0.000000
8.449806	0.000000	0.000000
8.455851	0.000000	0.000000
8.461895	0.000000	0.000000
8.467940	0.000000	0.000000
8.473985	0.000000	0.000000
8.480030	0.000000	0.000000
8.486075	0.000000	0.000000
8.492119	0.000000	0.000000
8.498164	0.000000	0.000000
