#Point-by-point error evaluated for the Solvent differentials.
#Q(Ang^(-1)   DS/DT     DS/Drho
0.005253	0.000000	0.000000
0.011297	0.000000	0.000000
0.017342	0.000000	0.000000
0.023387	0.000000	0.000000
0.029432	0.000000	0.000000
0.035477	0.000000	0.000000
0.041521	0.000000	0.000000
0.047566	0.000000	0.000000
0.053611	0.000000	0.000000
0.059656	0.000000	0.000000
0.065700	0.000000	0.000000
0.071745	0.000000	0.000000
0.077790	0.000000	0.000000
0.083835	0.000000	0.000000
0.089880	0.000000	0.000000
0.095924	0.000000	0.000000
0.101969	0.000000	0.000000
0.108014	0.000000	0.000000
0.114059	0.000000	0.000000
0.120103	0.000000	0.000000
0.126148	0.000000	0.000000
0.132193	0.000000	0.000000
0.138238	0.000000	0.000000
0.144283	0.000000	0.000000
0.150327	0.000000	0.000000
0.156372	0.000000	0.000000
0.162417	0.000000	0.000000
0.168462	0.000000	0.000000
0.174506	0.000000	0.000000
0.180551	0.000000	0.000000
0.186596	0.000000	0.000000
0.192641	0.000000	0.000000
0.198685	0.000000	0.000000
0.204730	0.000000	0.000000
0.210775	0.000000	0.000000
0.216820	0.000000	0.000000
0.222865	0.000000	0.000000
0.228909	0.000000	0.000000
0.234954	0.000000	0.000000
0.240999	0.000000	0.000000
0.247044	0.000000	0.000000
0.253088	0.000000	0.000000
0.259133	0.000000	0.000000
0.265178	0.000000	0.000000
0.271223	0.000000	0.000000
0.277268	0.000000	0.000000
0.283312	0.000000	0.000000
0.289357	0.000000	0.000000
0.295402	0.000000	0.000000
0.301447	0.000000	0.000000
0.307491	0.000000	0.000000
0.313536	0.000000	0.000000
0.319581	0.000000	0.000000
0.325626	0.000000	0.000000
0.331671	0.000000	0.000000
0.337715	0.000000	0.000000
0.343760	0.000000	0.000000
0.349805	0.000000	0.000000
0.355850	0.000000	0.000000
0.361894	0.000000	0.000000
0.367939	0.003764	0.041113
0.373984	0.003802	0.039071
0.380029	0.003840	0.038009
0.386074	0.003872	0.037023
0.392118	0.003897	0.030998
0.398163	0.003783	0.024790
0.404208	0.003670	0.018276
0.410253	0.003628	0.011246
0.416297	0.003607	0.004860
0.422342	0.003637	0.004089
0.428387	0.003714	0.003454
0.434432	0.003777	0.002912
0.440477	0.003745	0.002665
0.446521	0.003793	0.002648
0.452566	0.003811	0.002802
0.458611	0.003939	0.003199
0.464656	0.004076	0.003611
0.470700	0.004237	0.004010
0.476745	0.004285	0.004181
0.482790	0.004322	0.004162
0.488835	0.004382	0.004214
0.494880	0.004420	0.004206
0.500924	0.004477	0.004265
0.506969	0.004534	0.004382
0.513014	0.004558	0.004540
0.519059	0.004519	0.004541
0.525103	0.004447	0.004478
0.531148	0.004258	0.004291
0.537193	0.004119	0.004077
0.543238	0.004031	0.003880
0.549283	0.003977	0.003816
0.555327	0.003939	0.003971
0.561372	0.003884	0.004196
0.567417	0.003566	0.004288
0.573462	0.003209	0.004289
0.579506	0.002827	0.004186
0.585551	0.002490	0.003924
0.591596	0.002262	0.003657
0.597641	0.002250	0.003540
0.603686	0.002219	0.003480
0.609730	0.002183	0.003439
0.615775	0.002138	0.003437
0.621820	0.002090	0.003441
0.627865	0.002039	0.003494
0.633909	0.002082	0.003558
0.639954	0.002130	0.003579
0.645999	0.002151	0.003574
0.652044	0.002221	0.003550
0.658089	0.002259	0.003506
0.664133	0.002238	0.003456
0.670178	0.002317	0.003443
0.676223	0.002441	0.003462
0.682268	0.002529	0.003572
0.688312	0.002651	0.003650
0.694357	0.002785	0.003731
0.700402	0.002816	0.003813
0.706447	0.002847	0.003867
0.712492	0.002865	0.003829
0.718536	0.002881	0.003805
0.724581	0.002867	0.003790
0.730626	0.002857	0.003844
0.736671	0.002836	0.003942
0.742715	0.002954	0.004144
0.748760	0.003139	0.004347
0.754805	0.003360	0.004459
0.760850	0.003445	0.004342
0.766895	0.003443	0.004035
0.772939	0.003292	0.003622
0.778984	0.003113	0.003280
0.785029	0.002907	0.003021
0.791074	0.002830	0.002862
0.797118	0.002845	0.002870
0.803163	0.002880	0.002875
0.809208	0.002875	0.002799
0.815253	0.002872	0.002743
0.821298	0.002859	0.002743
0.827342	0.002844	0.002699
0.833387	0.002787	0.002666
0.839432	0.002731	0.002641
0.845477	0.002703	0.002580
0.851521	0.002687	0.002506
0.857566	0.002730	0.002472
0.863611	0.002772	0.002456
0.869656	0.002896	0.002433
0.875701	0.002989	0.002488
0.881745	0.003048	0.002548
0.887790	0.002970	0.002532
0.893835	0.002921	0.002497
0.899880	0.002805	0.002425
0.905924	0.002727	0.002332
0.911969	0.002732	0.002274
0.918014	0.002762	0.002235
0.924059	0.002778	0.002193
0.930103	0.002781	0.002223
0.936148	0.002721	0.002217
0.942193	0.002590	0.002177
0.948238	0.002497	0.002161
0.954283	0.002410	0.002134
0.960327	0.002382	0.002077
0.966372	0.002355	0.002052
0.972417	0.002360	0.002037
0.978462	0.002343	0.002048
0.984506	0.002400	0.002128
0.990551	0.002259	0.002151
0.996596	0.002152	0.002086
1.002641	0.002035	0.002040
1.008686	0.001954	0.001996
1.014730	0.001822	0.001902
1.020775	0.001838	0.001876
1.026820	0.001890	0.001921
1.032865	0.001945	0.001961
1.038909	0.001998	0.001997
1.044954	0.002037	0.002025
1.050999	0.002039	0.002066
1.057044	0.001997	0.002084
1.063089	0.002011	0.002088
1.069133	0.002042	0.002087
1.075178	0.002088	0.002091
1.081223	0.002182	0.002112
1.087268	0.002286	0.002151
1.093312	0.002331	0.002206
1.099357	0.002358	0.002259
1.105402	0.002381	0.002296
1.111447	0.002333	0.002286
1.117492	0.002282	0.002273
1.123536	0.002229	0.002253
1.129581	0.002178	0.002224
1.135626	0.002099	0.002218
1.141671	0.002101	0.002256
1.147715	0.002108	0.002299
1.153760	0.002119	0.002327
1.159805	0.002124	0.002358
1.165850	0.002153	0.002387
1.171895	0.002149	0.002383
1.177939	0.002207	0.002385
1.183984	0.002319	0.002417
1.190029	0.002472	0.002459
1.196074	0.002627	0.002501
1.202118	0.002764	0.002544
1.208163	0.002688	0.002504
1.214208	0.002562	0.002433
1.220253	0.002407	0.002403
1.226298	0.002295	0.002407
1.232342	0.002244	0.002437
1.238387	0.002417	0.002573
1.244432	0.002587	0.002632
1.250477	0.002755	0.002600
1.256521	0.002826	0.002421
1.262566	0.002742	0.002149
1.268611	0.002571	0.001866
1.274656	0.002303	0.001750
1.280701	0.002004	0.001675
1.286745	0.001787	0.001689
1.292790	0.001737	0.001740
1.298835	0.001645	0.001750
1.304880	0.001635	0.001695
1.310924	0.001603	0.001695
1.316969	0.001558	0.001730
1.323014	0.001456	0.001794
1.329059	0.001407	0.001844
1.335104	0.001372	0.001869
1.341148	0.001400	0.001887
1.347193	0.001433	0.001908
1.353238	0.001470	0.001926
1.359283	0.001513	0.001988
1.365327	0.001587	0.002130
1.371372	0.001644	0.002235
1.377417	0.001728	0.002366
1.383462	0.001810	0.002499
1.389507	0.001902	0.002639
1.395551	0.001974	0.002709
1.401596	0.002042	0.002749
1.407641	0.002069	0.002764
1.413686	0.002136	0.002765
1.419730	0.002160	0.002708
1.425775	0.002125	0.002633
1.431820	0.002034	0.002581
1.437865	0.001958	0.002501
1.443910	0.001913	0.002432
1.449954	0.001968	0.002383
1.455999	0.002044	0.002303
1.462044	0.002147	0.002251
1.468089	0.002211	0.002211
1.474133	0.002190	0.002164
1.480178	0.002096	0.002174
1.486223	0.002034	0.002232
1.492268	0.001974	0.002250
1.498313	0.002013	0.002304
1.504357	0.002165	0.002386
1.510402	0.002361	0.002444
1.516447	0.002549	0.002504
1.522492	0.002746	0.002579
1.528536	0.002832	0.002617
1.534581	0.002767	0.002589
1.540626	0.002658	0.002553
1.546671	0.002558	0.002509
1.552716	0.002522	0.002451
1.558760	0.002491	0.002412
1.564805	0.002541	0.002412
1.570850	0.002577	0.002413
1.576895	0.002611	0.002420
1.582939	0.002589	0.002407
1.588984	0.002592	0.002368
1.595029	0.002616	0.002335
1.601074	0.002648	0.002394
1.607118	0.002674	0.002443
1.613163	0.002698	0.002648
1.619208	0.002650	0.002956
1.625253	0.002551	0.003270
1.631298	0.002468	0.003484
1.637342	0.002357	0.003641
1.643387	0.002260	0.003565
1.649432	0.002246	0.003265
1.655477	0.002250	0.002949
1.661521	0.002261	0.002616
1.667566	0.002301	0.002313
1.673611	0.002295	0.002091
1.679656	0.002286	0.002023
1.685701	0.002372	0.002014
1.691745	0.002454	0.002034
1.697790	0.002525	0.002071
1.703835	0.002605	0.002106
1.709880	0.002690	0.002102
1.715924	0.002644	0.002079
1.721969	0.002579	0.002066
1.728014	0.002498	0.002047
1.734059	0.002455	0.002061
1.740104	0.002368	0.002060
1.746148	0.002299	0.001996
1.752193	0.002287	0.001972
1.758238	0.002321	0.001991
1.764283	0.002356	0.002034
1.770327	0.002421	0.002070
1.776372	0.002461	0.002078
1.782417	0.002369	0.002013
1.788462	0.002251	0.001957
1.794507	0.002193	0.001945
1.800551	0.002156	0.001974
1.806596	0.002233	0.002126
1.812641	0.002412	0.002331
1.818686	0.002625	0.002505
1.824730	0.002742	0.002586
1.830775	0.002782	0.002593
1.836820	0.002725	0.002512
1.842865	0.002632	0.002426
1.848910	0.002506	0.002341
1.854954	0.002404	0.002250
1.860999	0.002358	0.002207
1.867044	0.002316	0.002189
1.873089	0.002252	0.002121
1.879133	0.002201	0.002070
1.885178	0.002104	0.002049
1.891223	0.001952	0.002080
1.897268	0.001811	0.002097
1.903313	0.001698	0.002105
1.909357	0.001594	0.002057
1.915402	0.001563	0.002000
1.921447	0.001608	0.001911
1.927492	0.001641	0.001881
1.933536	0.001637	0.001874
1.939581	0.001602	0.001867
1.945626	0.001507	0.001859
1.951671	0.001405	0.001865
1.957716	0.001321	0.001845
1.963760	0.001333	0.001864
1.969805	0.001391	0.001929
1.975850	0.001501	0.002004
1.981895	0.001568	0.002049
1.987939	0.001590	0.002073
1.993984	0.001542	0.002057
2.000029	0.001445	0.002009
2.006074	0.001394	0.001964
2.012119	0.001373	0.001909
2.018163	0.001403	0.001871
2.024208	0.001432	0.001852
2.030253	0.001460	0.001858
2.036298	0.001435	0.001858
2.042342	0.001425	0.001867
2.048387	0.001453	0.001862
2.054432	0.001516	0.001850
2.060477	0.001597	0.001867
2.066522	0.001674	0.001880
2.072566	0.001740	0.001878
2.078611	0.001753	0.001880
2.084656	0.001743	0.001876
2.090701	0.001739	0.001823
2.096745	0.001757	0.001739
2.102790	0.001772	0.001675
2.108835	0.001794	0.001605
2.114880	0.001822	0.001542
2.120925	0.001863	0.001490
2.126969	0.001894	0.001471
2.133014	0.001914	0.001392
2.139059	0.001943	0.001306
2.145104	0.001967	0.001225
2.151148	0.001979	0.001167
2.157193	0.001977	0.001122
2.163238	0.001922	0.001144
2.169283	0.001827	0.001193
2.175328	0.001737	0.001254
2.181372	0.001642	0.001286
2.187417	0.001548	0.001310
2.193462	0.001514	0.001324
2.199507	0.001507	0.001325
2.205551	0.001496	0.001311
2.211596	0.001474	0.001308
2.217641	0.001445	0.001314
2.223686	0.001426	0.001317
2.229731	0.001403	0.001340
2.235775	0.001411	0.001378
2.241820	0.001418	0.001420
2.247865	0.001437	0.001451
2.253910	0.001449	0.001463
2.259954	0.001452	0.001408
2.265999	0.001381	0.001302
2.272044	0.001331	0.001195
2.278089	0.001285	0.001125
2.284134	0.001237	0.001069
2.290178	0.001185	0.001056
2.296223	0.001176	0.001072
2.302268	0.001150	0.001091
2.308313	0.001109	0.001076
2.314357	0.001069	0.001069
2.320402	0.001047	0.001078
2.326447	0.001025	0.001094
2.332492	0.001017	0.001112
2.338536	0.001029	0.001118
2.344581	0.001020	0.001121
2.350626	0.001011	0.001110
2.356671	0.000970	0.001087
2.362716	0.000909	0.001062
2.368760	0.000878	0.001065
2.374805	0.000892	0.001073
2.380850	0.000913	0.001085
2.386895	0.000974	0.001150
2.392939	0.001042	0.001254
2.398984	0.001070	0.001323
2.405029	0.001085	0.001406
2.411074	0.001083	0.001465
2.417119	0.001098	0.001479
2.423163	0.001123	0.001467
2.429208	0.001149	0.001475
2.435253	0.001171	0.001464
2.441298	0.001203	0.001454
2.447342	0.001220	0.001453
2.453387	0.001221	0.001436
2.459432	0.001204	0.001412
2.465477	0.001178	0.001399
2.471522	0.001156	0.001407
2.477566	0.001118	0.001400
2.483611	0.001110	0.001398
2.489656	0.001086	0.001403
2.495701	0.001064	0.001402
2.501745	0.001041	0.001380
2.507790	0.001024	0.001314
2.513835	0.000995	0.001244
2.519880	0.000999	0.001173
2.525925	0.001016	0.001102
2.531969	0.001029	0.001057
2.538014	0.001044	0.001030
2.544059	0.001050	0.001007
2.550104	0.001049	0.001001
2.556148	0.001026	0.000992
2.562193	0.001001	0.000985
2.568238	0.000962	0.000995
2.574283	0.000934	0.001003
2.580328	0.000912	0.001030
2.586372	0.000898	0.001104
2.592417	0.000888	0.001196
2.598462	0.000880	0.001298
2.604507	0.000868	0.001388
2.610551	0.000841	0.001438
2.616596	0.000813	0.001426
2.622641	0.000789	0.001399
2.628686	0.000763	0.001370
2.634731	0.000740	0.001367
2.640775	0.000801	0.001390
2.646820	0.000869	0.001432
2.652865	0.000937	0.001451
2.658910	0.000996	0.001470
2.664954	0.001085	0.001464
2.670999	0.001134	0.001378
2.677044	0.001181	0.001284
2.683089	0.001226	0.001181
2.689134	0.001290	0.001092
2.695178	0.001325	0.001023
2.701223	0.001327	0.000971
2.707268	0.001326	0.000946
2.713313	0.001324	0.000948
2.719357	0.001321	0.000946
2.725402	0.001311	0.000917
2.731447	0.001312	0.000930
2.737492	0.001333	0.000931
2.743537	0.001352	0.000917
2.749581	0.001345	0.000894
2.755626	0.001342	0.000916
2.761671	0.001314	0.000941
2.767716	0.001283	0.000958
2.773760	0.001255	0.001001
2.779805	0.001230	0.001051
2.785850	0.001168	0.001070
2.791895	0.001129	0.001095
2.797940	0.001069	0.001110
2.803984	0.001006	0.001110
2.810029	0.000965	0.001111
2.816074	0.000952	0.001116
2.822119	0.000966	0.001122
2.828163	0.001002	0.001147
2.834208	0.001034	0.001181
2.840253	0.001061	0.001233
2.846298	0.001074	0.001254
2.852343	0.001051	0.001242
2.858387	0.001034	0.001245
2.864432	0.001030	0.001275
2.870477	0.001039	0.001291
2.876522	0.001072	0.001346
2.882566	0.001125	0.001438
2.888611	0.001139	0.001521
2.894656	0.001147	0.001587
2.900701	0.001136	0.001620
2.906746	0.001129	0.001645
2.912790	0.001148	0.001688
2.918835	0.001210	0.001765
2.924880	0.001269	0.001822
2.930925	0.001341	0.001901
2.936969	0.001389	0.001971
2.943014	0.001352	0.001975
2.949059	0.001266	0.001921
2.955104	0.001184	0.001845
2.961149	0.001103	0.001757
2.967193	0.001039	0.001679
2.973238	0.001018	0.001630
2.979283	0.001003	0.001587
2.985328	0.001003	0.001562
2.991372	0.001011	0.001549
2.997417	0.001012	0.001518
3.003462	0.001009	0.001486
3.009507	0.001014	0.001460
3.015551	0.001002	0.001436
3.021596	0.001006	0.001382
3.027641	0.001055	0.001320
3.033686	0.001128	0.001250
3.039731	0.001201	0.001193
3.045775	0.001271	0.001079
3.051820	0.001313	0.000997
3.057865	0.001319	0.000929
3.063910	0.001310	0.000870
3.069954	0.001300	0.000810
3.075999	0.001285	0.000806
3.082044	0.001255	0.000786
3.088089	0.001229	0.000778
3.094134	0.001214	0.000777
3.100178	0.001193	0.000764
3.106223	0.001176	0.000753
3.112268	0.001188	0.000758
3.118313	0.001201	0.000761
3.124357	0.001212	0.000750
3.130402	0.001232	0.000744
3.136447	0.001250	0.000745
3.142492	0.001250	0.000739
3.148537	0.001241	0.000733
3.154581	0.001223	0.000740
3.160626	0.001191	0.000735
3.166671	0.001164	0.000731
3.172716	0.001135	0.000722
3.178760	0.001114	0.000720
3.184805	0.001110	0.000729
3.190850	0.001128	0.000747
3.196895	0.001150	0.000754
3.202940	0.001181	0.000780
3.208984	0.001202	0.000826
3.215029	0.001211	0.000862
3.221074	0.001211	0.000899
3.227119	0.001209	0.000938
3.233163	0.001208	0.000976
3.239208	0.001212	0.000983
3.245253	0.001224	0.000987
3.251298	0.001220	0.000980
3.257343	0.001160	0.000936
3.263387	0.001081	0.000887
3.269432	0.001028	0.000854
3.275477	0.000995	0.000814
3.281522	0.000978	0.000786
3.287566	0.001023	0.000791
3.293611	0.001069	0.000814
3.299656	0.001057	0.000833
3.305701	0.000990	0.000858
3.311746	0.000945	0.000867
3.317790	0.000899	0.000878
3.323835	0.000869	0.000866
3.329880	0.000871	0.000849
3.335925	0.000902	0.000824
3.341969	0.000920	0.000820
3.348014	0.000934	0.000815
3.354059	0.000952	0.000813
3.360104	0.000971	0.000799
3.366149	0.000973	0.000807
3.372193	0.000966	0.000802
3.378238	0.000955	0.000786
3.384283	0.000943	0.000791
3.390328	0.000912	0.000806
3.396372	0.000906	0.000791
3.402417	0.000890	0.000771
3.408462	0.000886	0.000760
3.414507	0.000870	0.000718
3.420552	0.000871	0.000677
3.426596	0.000887	0.000665
3.432641	0.000919	0.000664
3.438686	0.000939	0.000667
3.444731	0.000946	0.000684
3.450775	0.000934	0.000703
3.456820	0.000884	0.000701
3.462865	0.000819	0.000687
3.468910	0.000775	0.000688
3.474955	0.000769	0.000699
3.480999	0.000786	0.000723
3.487044	0.000824	0.000740
3.493089	0.000869	0.000771
3.499134	0.000903	0.000782
3.505178	0.000922	0.000754
3.511223	0.000918	0.000711
3.517268	0.000881	0.000673
3.523313	0.000840	0.000647
3.529358	0.000794	0.000643
3.535402	0.000735	0.000672
3.541447	0.000701	0.000700
3.547492	0.000686	0.000719
3.553537	0.000675	0.000727
3.559581	0.000667	0.000692
3.565626	0.000678	0.000624
3.571671	0.000708	0.000562
3.577716	0.000750	0.000547
3.583761	0.000792	0.000537
3.589805	0.000827	0.000559
3.595850	0.000857	0.000629
3.601895	0.000860	0.000697
3.607940	0.000856	0.000735
3.613984	0.000834	0.000757
3.620029	0.000810	0.000781
3.626074	0.000814	0.000778
3.632119	0.000819	0.000773
3.638164	0.000821	0.000776
3.644208	0.000839	0.000786
3.650253	0.000858	0.000791
3.656298	0.000839	0.000797
3.662343	0.000802	0.000801
3.668387	0.000769	0.000800
3.674432	0.000733	0.000792
3.680477	0.000707	0.000783
3.686522	0.000667	0.000782
3.692567	0.000644	0.000786
3.698611	0.000622	0.000756
3.704656	0.000611	0.000729
3.710701	0.000596	0.000699
3.716746	0.000607	0.000647
3.722790	0.000625	0.000623
3.728835	0.000616	0.000639
3.734880	0.000597	0.000671
3.740925	0.000592	0.000700
3.746969	0.000585	0.000745
3.753014	0.000566	0.000740
3.759059	0.000571	0.000735
3.765104	0.000591	0.000726
3.771149	0.000594	0.000726
3.777193	0.000583	0.000728
3.783238	0.000568	0.000746
3.789283	0.000554	0.000761
3.795328	0.000541	0.000770
3.801372	0.000536	0.000775
3.807417	0.000556	0.000757
3.813462	0.000587	0.000743
3.819507	0.000620	0.000728
3.825552	0.000634	0.000708
3.831596	0.000641	0.000686
3.837641	0.000612	0.000681
3.843686	0.000575	0.000653
3.849731	0.000553	0.000632
3.855775	0.000543	0.000615
3.861820	0.000545	0.000584
3.867865	0.000573	0.000563
3.873910	0.000631	0.000560
3.879955	0.000651	0.000548
3.885999	0.000644	0.000536
3.892044	0.000626	0.000537
3.898089	0.000588	0.000532
3.904134	0.000555	0.000516
3.910178	0.000542	0.000503
3.916223	0.000552	0.000490
3.922268	0.000571	0.000483
3.928313	0.000605	0.000478
3.934358	0.000617	0.000474
3.940402	0.000625	0.000472
3.946447	0.000631	0.000471
3.952492	0.000619	0.000467
3.958537	0.000609	0.000462
3.964581	0.000598	0.000469
3.970626	0.000586	0.000471
3.976671	0.000585	0.000471
3.982716	0.000600	0.000486
3.988761	0.000613	0.000506
3.994805	0.000624	0.000530
4.000850	0.000633	0.000558
4.006895	0.000633	0.000589
4.012940	0.000622	0.000594
4.018984	0.000609	0.000592
4.025029	0.000592	0.000571
4.031074	0.000584	0.000556
4.037119	0.000582	0.000542
4.043164	0.000582	0.000553
4.049208	0.000592	0.000601
4.055253	0.000609	0.000683
4.061298	0.000635	0.000767
4.067343	0.000651	0.000857
4.073387	0.000677	0.000920
4.079432	0.000694	0.000938
4.085477	0.000725	0.000914
4.091522	0.000745	0.000889
4.097567	0.000765	0.000901
4.103611	0.000787	0.000943
4.109656	0.000810	0.001014
4.115701	0.000813	0.001100
4.121746	0.000809	0.001172
4.127790	0.000810	0.001201
4.133835	0.000808	0.001189
4.139880	0.000797	0.001135
4.145925	0.000787	0.001074
4.151970	0.000786	0.001027
4.158014	0.000763	0.000992
4.164059	0.000771	0.000981
4.170104	0.000785	0.000972
4.176149	0.000791	0.000954
4.182193	0.000790	0.000911
4.188238	0.000814	0.000857
4.194283	0.000822	0.000844
4.200328	0.000841	0.000858
4.206373	0.000868	0.000883
4.212417	0.000899	0.000910
4.218462	0.000926	0.000917
4.224507	0.000935	0.000934
4.230552	0.000935	0.000950
4.236596	0.000938	0.000975
4.242641	0.000938	0.001012
4.248686	0.000932	0.001071
4.254731	0.000927	0.001070
4.260776	0.000908	0.001063
4.266820	0.000889	0.001051
4.272865	0.000870	0.001050
4.278910	0.000850	0.001068
4.284955	0.000813	0.001109
4.290999	0.000789	0.001147
4.297044	0.000761	0.001173
4.303089	0.000725	0.001165
4.309134	0.000709	0.001155
4.315179	0.000722	0.001143
4.321223	0.000728	0.001139
4.327268	0.000723	0.001154
4.333313	0.000715	0.001186
4.339358	0.000690	0.001170
4.345402	0.000628	0.001114
4.351447	0.000585	0.001061
4.357492	0.000582	0.001012
4.363537	0.000610	0.000974
4.369582	0.000656	0.000973
4.375626	0.000706	0.001004
4.381671	0.000735	0.001020
4.387716	0.000742	0.000999
4.393761	0.000730	0.000944
4.399805	0.000703	0.000867
4.405850	0.000712	0.000801
4.411895	0.000727	0.000754
4.417940	0.000748	0.000730
4.423984	0.000769	0.000735
4.430029	0.000772	0.000704
4.436074	0.000768	0.000652
4.442119	0.000765	0.000605
4.448164	0.000748	0.000548
4.454208	0.000726	0.000525
4.460253	0.000720	0.000571
4.466298	0.000701	0.000632
4.472343	0.000672	0.000683
4.478387	0.000634	0.000752
4.484432	0.000601	0.000778
4.490477	0.000569	0.000769
4.496522	0.000534	0.000740
4.502567	0.000517	0.000707
4.508611	0.000518	0.000686
4.514656	0.000522	0.000693
4.520701	0.000522	0.000719
4.526746	0.000544	0.000749
4.532790	0.000594	0.000784
4.538835	0.000644	0.000805
4.544880	0.000688	0.000802
4.550925	0.000720	0.000790
4.556970	0.000728	0.000775
4.563014	0.000705	0.000757
4.569059	0.000698	0.000728
4.575104	0.000726	0.000731
4.581149	0.000794	0.000749
4.587193	0.000877	0.000772
4.593238	0.000944	0.000793
4.599283	0.000987	0.000830
4.605328	0.000991	0.000838
4.611373	0.000966	0.000837
4.617417	0.000924	0.000832
4.623462	0.000879	0.000817
4.629507	0.000852	0.000817
4.635552	0.000839	0.000827
4.641596	0.000820	0.000826
4.647641	0.000807	0.000803
4.653686	0.000788	0.000778
4.659731	0.000758	0.000728
4.665776	0.000717	0.000670
4.671820	0.000679	0.000648
4.677865	0.000650	0.000651
4.683910	0.000634	0.000668
4.689955	0.000616	0.000677
4.695999	0.000604	0.000665
4.702044	0.000598	0.000632
4.708089	0.000593	0.000598
4.714134	0.000612	0.000571
4.720179	0.000656	0.000558
4.726223	0.000688	0.000566
4.732268	0.000682	0.000573
4.738313	0.000673	0.000592
4.744358	0.000651	0.000605
4.750402	0.000614	0.000596
4.756447	0.000603	0.000602
4.762492	0.000630	0.000611
4.768537	0.000656	0.000582
4.774582	0.000672	0.000551
4.780626	0.000682	0.000565
4.786671	0.000682	0.000589
4.792716	0.000683	0.000604
4.798761	0.000679	0.000647
4.804805	0.000669	0.000685
4.810850	0.000659	0.000695
4.816895	0.000646	0.000684
4.822940	0.000624	0.000667
4.828985	0.000594	0.000652
4.835029	0.000559	0.000660
4.841074	0.000527	0.000667
4.847119	0.000497	0.000676
4.853164	0.000484	0.000713
4.859208	0.000495	0.000737
4.865253	0.000524	0.000748
4.871298	0.000551	0.000757
4.877343	0.000571	0.000752
4.883388	0.000593	0.000734
4.889432	0.000623	0.000724
4.895477	0.000649	0.000711
4.901522	0.000674	0.000703
4.907567	0.000702	0.000707
4.913611	0.000719	0.000710
4.919656	0.000723	0.000714
4.925701	0.000735	0.000720
4.931746	0.000756	0.000729
4.937791	0.000778	0.000738
4.943835	0.000802	0.000736
4.949880	0.000826	0.000715
4.955925	0.000841	0.000697
4.961970	0.000837	0.000659
4.968014	0.000841	0.000610
4.974059	0.000842	0.000564
4.980104	0.000845	0.000533
4.986149	0.000847	0.000500
4.992194	0.000851	0.000492
4.998238	0.000819	0.000497
5.004283	0.000780	0.000498
5.010328	0.000733	0.000497
5.016373	0.000685	0.000497
5.022417	0.000648	0.000472
5.028462	0.000646	0.000450
5.034507	0.000640	0.000440
5.040552	0.000617	0.000412
5.046597	0.000577	0.000382
5.052641	0.000531	0.000365
5.058686	0.000479	0.000344
5.064731	0.000441	0.000319
5.070776	0.000426	0.000311
5.076820	0.000432	0.000311
5.082865	0.000463	0.000318
5.088910	0.000495	0.000356
5.094955	0.000522	0.000397
5.100999	0.000548	0.000438
5.107044	0.000584	0.000466
5.113089	0.000614	0.000482
5.119134	0.000660	0.000476
5.125179	0.000717	0.000468
5.131223	0.000787	0.000471
5.137268	0.000840	0.000485
5.143313	0.000869	0.000504
5.149358	0.000874	0.000509
5.155402	0.000879	0.000521
5.161447	0.000879	0.000529
5.167492	0.000896	0.000549
5.173537	0.000931	0.000571
5.179582	0.000967	0.000600
5.185626	0.000983	0.000628
5.191671	0.000978	0.000655
5.197716	0.000937	0.000662
5.203761	0.000877	0.000670
5.209805	0.000819	0.000672
5.215850	0.000773	0.000666
5.221895	0.000748	0.000655
5.227940	0.000742	0.000664
5.233985	0.000741	0.000677
5.240029	0.000716	0.000684
5.246074	0.000679	0.000692
5.252119	0.000619	0.000692
5.258164	0.000617	0.000678
5.264208	0.000653	0.000678
5.270253	0.000715	0.000685
5.276298	0.000784	0.000691
5.282343	0.000861	0.000707
5.288388	0.000877	0.000722
5.294432	0.000859	0.000712
5.300477	0.000846	0.000700
5.306522	0.000839	0.000694
5.312567	0.000839	0.000687
5.318611	0.000845	0.000690
5.324656	0.000855	0.000700
5.330701	0.000860	0.000706
5.336746	0.000855	0.000717
5.342791	0.000830	0.000746
5.348835	0.000814	0.000785
5.354880	0.000796	0.000820
5.360925	0.000773	0.000852
5.366970	0.000751	0.000876
5.373014	0.000750	0.000885
5.379059	0.000705	0.000872
5.385104	0.000658	0.000852
5.391149	0.000608	0.000841
5.397194	0.000570	0.000832
5.403238	0.000525	0.000820
5.409283	0.000512	0.000818
5.415328	0.000498	0.000827
5.421373	0.000493	0.000828
5.427417	0.000483	0.000814
5.433462	0.000479	0.000797
5.439507	0.000475	0.000782
5.445552	0.000471	0.000766
5.451597	0.000464	0.000797
5.457641	0.000462	0.000864
5.463686	0.000463	0.000933
5.469731	0.000466	0.000990
5.475776	0.000479	0.001044
5.481820	0.000495	0.001063
5.487865	0.000513	0.001064
5.493910	0.000531	0.001056
5.499955	0.000557	0.001037
5.506000	0.000586	0.001010
5.512044	0.000628	0.000989
5.518089	0.000682	0.000967
5.524134	0.000741	0.000955
5.530179	0.000791	0.000935
5.536223	0.000823	0.000895
5.542268	0.000860	0.000836
5.548313	0.000899	0.000776
5.554358	0.000938	0.000733
5.560403	0.000979	0.000710
5.566447	0.001025	0.000711
5.572492	0.001052	0.000712
5.578537	0.001045	0.000708
5.584582	0.001040	0.000696
5.590626	0.001049	0.000680
5.596671	0.001059	0.000671
5.602716	0.001072	0.000666
5.608761	0.001099	0.000657
5.614806	0.001110	0.000639
5.620850	0.001082	0.000627
5.626895	0.001044	0.000610
5.632940	0.001013	0.000604
5.638985	0.000995	0.000600
5.645029	0.000999	0.000597
5.651074	0.001024	0.000604
5.657119	0.001011	0.000610
5.663164	0.000945	0.000612
5.669209	0.000858	0.000613
5.675253	0.000774	0.000613
5.681298	0.000698	0.000603
5.687343	0.000684	0.000595
5.693388	0.000735	0.000590
5.699432	0.000811	0.000588
5.705477	0.000837	0.000585
5.711522	0.000851	0.000579
5.717567	0.000846	0.000556
5.723612	0.000825	0.000534
5.729656	0.000799	0.000523
5.735701	0.000808	0.000498
5.741746	0.000833	0.000479
5.747791	0.000850	0.000498
5.753835	0.000855	0.000533
5.759880	0.000839	0.000547
5.765925	0.000815	0.000575
5.771970	0.000781	0.000622
5.778015	0.000757	0.000669
5.784059	0.000741	0.000719
5.790104	0.000731	0.000777
5.796149	0.000727	0.000831
5.802194	0.000725	0.000864
5.808238	0.000713	0.000873
5.814283	0.000710	0.000864
5.820328	0.000710	0.000856
5.826373	0.000700	0.000847
5.832417	0.000687	0.000856
5.838462	0.000681	0.000871
5.844507	0.000664	0.000885
5.850552	0.000647	0.000896
5.856597	0.000638	0.000911
5.862641	0.000641	0.000916
5.868686	0.000658	0.000909
5.874731	0.000678	0.000902
5.880776	0.000705	0.000895
5.886820	0.000753	0.000893
5.892865	0.000802	0.000883
5.898910	0.000840	0.000883
5.904955	0.000872	0.000881
5.911000	0.000891	0.000876
5.917044	0.000893	0.000878
5.923089	0.000893	0.000892
5.929134	0.000888	0.000900
5.935179	0.000896	0.000908
5.941223	0.000914	0.000923
5.947268	0.000928	0.000929
5.953313	0.000933	0.000922
5.959358	0.000936	0.000913
5.965403	0.000932	0.000898
5.971447	0.000924	0.000872
5.977492	0.000922	0.000850
5.983537	0.000927	0.000823
5.989582	0.000945	0.000829
5.995626	0.000928	0.000836
6.001671	0.000872	0.000843
6.007716	0.000791	0.000842
6.013761	0.000703	0.000848
6.019806	0.000607	0.000830
6.025850	0.000552	0.000832
6.031895	0.000536	0.000848
6.037940	0.000536	0.000865
6.043985	0.000529	0.000886
6.050029	0.000522	0.000901
6.056074	0.000518	0.000906
6.062119	0.000520	0.000908
6.068164	0.000525	0.000914
6.074209	0.000532	0.000918
6.080253	0.000540	0.000922
6.086298	0.000540	0.000921
6.092343	0.000524	0.000923
6.098388	0.000503	0.000926
6.104432	0.000488	0.000919
6.110477	0.000473	0.000900
6.116522	0.000464	0.000878
6.122567	0.000467	0.000853
6.128612	0.000470	0.000829
6.134656	0.000464	0.000819
6.140701	0.000464	0.000812
6.146746	0.000459	0.000804
6.152791	0.000449	0.000793
6.158835	0.000445	0.000764
6.164880	0.000449	0.000717
6.170925	0.000442	0.000669
6.176970	0.000415	0.000627
6.183015	0.000390	0.000621
6.189059	0.000367	0.000657
6.195104	0.000346	0.000727
6.201149	0.000366	0.000801
6.207194	0.000450	0.000849
6.213238	0.000564	0.000848
6.219283	0.000672	0.000822
6.225328	0.000769	0.000778
6.231373	0.000821	0.000751
6.237418	0.000819	0.000762
6.243462	0.000793	0.000785
6.249507	0.000777	0.000802
6.255552	0.000778	0.000810
6.261597	0.000798	0.000798
6.267641	0.000846	0.000773
6.273686	0.000884	0.000750
6.279731	0.000906	0.000736
6.285776	0.000906	0.000729
6.291821	0.000877	0.000737
6.297865	0.000826	0.000727
6.303910	0.000782	0.000682
6.309955	0.000780	0.000617
6.316000	0.000790	0.000550
6.322044	0.000790	0.000477
6.328089	0.000771	0.000424
6.334134	0.000754	0.000405
6.340179	0.000708	0.000400
6.346224	0.000676	0.000396
6.352268	0.000689	0.000390
6.358313	0.000718	0.000390
6.364358	0.000739	0.000399
6.370403	0.000764	0.000411
6.376447	0.000767	0.000444
6.382492	0.000747	0.000503
6.388537	0.000738	0.000576
6.394582	0.000752	0.000668
6.400627	0.000780	0.000759
6.406671	0.000830	0.000806
6.412716	0.000891	0.000849
6.418761	0.000913	0.000875
6.424806	0.000882	0.000886
6.430850	0.000798	0.000899
6.436895	0.000735	0.000953
6.442940	0.000702	0.001001
6.448985	0.000720	0.001034
6.455030	0.000782	0.001041
6.461074	0.000883	0.001030
6.467119	0.000928	0.000987
6.473164	0.000936	0.000918
6.479209	0.000923	0.000854
6.485253	0.000898	0.000792
6.491298	0.000863	0.000776
6.497343	0.000864	0.000801
6.503388	0.000867	0.000854
6.509432	0.000862	0.000913
6.515477	0.000842	0.000975
6.521522	0.000824	0.001001
6.527567	0.000791	0.001001
6.533612	0.000759	0.000994
6.539656	0.000741	0.000983
6.545701	0.000739	0.000990
6.551746	0.000733	0.001005
6.557791	0.000704	0.001017
6.563835	0.000671	0.001023
6.569880	0.000632	0.001029
6.575925	0.000589	0.001018
6.581970	0.000560	0.000996
6.588015	0.000567	0.000978
6.594059	0.000572	0.000961
6.600104	0.000581	0.000961
6.606149	0.000568	0.000953
6.612194	0.000548	0.000931
6.618238	0.000552	0.000894
6.624283	0.000566	0.000849
6.630328	0.000579	0.000785
6.636373	0.000614	0.000748
6.642418	0.000649	0.000723
6.648462	0.000649	0.000708
6.654507	0.000646	0.000708
6.660552	0.000643	0.000712
6.666597	0.000650	0.000736
6.672641	0.000684	0.000798
6.678686	0.000706	0.000856
6.684731	0.000732	0.000934
6.690776	0.000802	0.001020
6.696821	0.000879	0.001077
6.702865	0.000921	0.001106
6.708910	0.000967	0.001131
6.714955	0.001003	0.001135
6.721000	0.001006	0.001135
6.727044	0.000993	0.001128
6.733089	0.001000	0.001125
6.739134	0.001012	0.001129
6.745179	0.001028	0.001133
6.751224	0.001036	0.001134
6.757268	0.001045	0.001143
6.763313	0.001044	0.001146
6.769358	0.001048	0.001142
6.775403	0.001053	0.001129
6.781447	0.001050	0.001110
6.787492	0.001011	0.001078
6.793537	0.000966	0.001049
6.799582	0.000922	0.001002
6.805627	0.000864	0.000951
6.811671	0.000800	0.000902
6.817716	0.000768	0.000848
6.823761	0.000749	0.000790
6.829806	0.000728	0.000743
6.835850	0.000715	0.000668
6.841895	0.000724	0.000603
6.847940	0.000746	0.000566
6.853985	0.000779	0.000569
6.860030	0.000794	0.000601
6.866074	0.000811	0.000649
6.872119	0.000822	0.000692
6.878164	0.000824	0.000720
6.884209	0.000810	0.000714
6.890253	0.000816	0.000678
6.896298	0.000820	0.000657
6.902343	0.000822	0.000637
6.908388	0.000811	0.000624
6.914433	0.000822	0.000643
6.920477	0.000872	0.000700
6.926522	0.000932	0.000762
6.932567	0.000977	0.000806
6.938612	0.001020	0.000845
6.944656	0.001054	0.000865
6.950701	0.001047	0.000881
6.956746	0.001041	0.000891
6.962791	0.001039	0.000916
6.968836	0.001041	0.000939
6.974880	0.001038	0.000943
6.980925	0.001038	0.000934
6.986970	0.001034	0.000936
6.993015	0.001041	0.000941
6.999059	0.001050	0.000948
7.005104	0.001044	0.000964
7.011149	0.001042	0.000971
7.017194	0.001038	0.000961
7.023239	0.001037	0.000952
7.029283	0.001031	0.000942
7.035328	0.001006	0.000918
7.041373	0.000985	0.000901
7.047418	0.000951	0.000906
7.053462	0.000905	0.000892
7.059507	0.000851	0.000833
7.065552	0.000817	0.000768
7.071597	0.000774	0.000709
7.077642	0.000741	0.000648
7.083686	0.000717	0.000613
7.089731	0.000702	0.000628
7.095776	0.000693	0.000662
7.101821	0.000681	0.000689
7.107865	0.000682	0.000689
7.113910	0.000684	0.000681
7.119955	0.000688	0.000674
7.126000	0.000690	0.000666
7.132045	0.000693	0.000658
7.138089	0.000670	0.000663
7.144134	0.000645	0.000680
7.150179	0.000640	0.000705
7.156224	0.000637	0.000722
7.162268	0.000634	0.000738
7.168313	0.000632	0.000760
7.174358	0.000624	0.000773
7.180403	0.000638	0.000777
7.186448	0.000654	0.000786
7.192492	0.000669	0.000795
7.198537	0.000701	0.000800
7.204582	0.000738	0.000798
7.210627	0.000738	0.000789
7.216671	0.000743	0.000777
7.222716	0.000725	0.000768
7.228761	0.000690	0.000756
7.234806	0.000663	0.000742
7.240850	0.000637	0.000736
7.246895	0.000608	0.000733
7.252940	0.000614	0.000731
7.258985	0.000653	0.000715
7.265030	0.000696	0.000673
7.271074	0.000732	0.000624
7.277119	0.000767	0.000572
7.283164	0.000794	0.000516
7.289209	0.000830	0.000476
7.295253	0.000848	0.000464
7.301298	0.000872	0.000462
7.307343	0.000884	0.000485
7.313388	0.000898	0.000538
7.319433	0.000891	0.000590
7.325477	0.000893	0.000638
7.331522	0.000894	0.000678
7.337567	0.000903	0.000691
7.343612	0.000911	0.000677
7.349656	0.000933	0.000687
7.355701	0.000963	0.000708
7.361746	0.000983	0.000725
7.367791	0.000988	0.000748
7.373836	0.000970	0.000770
7.379880	0.000921	0.000772
7.385925	0.000893	0.000760
7.391970	0.000895	0.000815
7.398015	0.000901	0.000889
7.404059	0.000920	0.000974
7.410104	0.000939	0.001059
7.416149	0.000929	0.001153
7.422194	0.000896	0.001186
7.428239	0.000887	0.001238
7.434283	0.000896	0.001288
7.440328	0.000913	0.001338
7.446373	0.000930	0.001386
7.452418	0.000947	0.001436
7.458462	0.000955	0.001445
7.464507	0.000942	0.001439
7.470552	0.000954	0.001433
7.476597	0.000960	0.001422
7.482642	0.001022	0.001402
7.488686	0.001132	0.001389
7.494731	0.001253	0.001383
7.500776	0.001358	0.001379
7.506821	0.001463	0.001372
7.512865	0.001514	0.001373
7.518910	0.001528	0.001371
7.524955	0.001550	0.001364
7.531000	0.001570	0.001337
7.537045	0.001598	0.001319
7.543089	0.001625	0.001292
7.549134	0.001637	0.001267
7.555179	0.001641	0.001236
7.561224	0.001625	0.001194
7.567268	0.001602	0.001174
7.573313	0.001611	0.001171
7.579358	0.001651	0.001205
7.585403	0.001685	0.001247
7.591448	0.001740	0.001300
7.597492	0.001755	0.001312
7.603537	0.001690	0.001325
7.609582	0.001603	0.001308
7.615627	0.001538	0.001343
7.621671	0.001520	0.001446
7.627716	0.001526	0.001515
7.633761	0.001563	0.001556
7.639806	0.001561	0.001579
7.645851	0.001556	0.001591
7.651895	0.001507	0.001586
7.657940	0.001479	0.001632
7.663985	0.001476	0.001705
7.670030	0.001514	0.001787
7.676074	0.001554	0.001836
7.682119	0.001603	0.001842
7.688164	0.001601	0.001819
7.694209	0.001540	0.001774
7.700254	0.001487	0.001722
7.706298	0.001416	0.001665
7.712343	0.001338	0.001617
7.718388	0.001304	0.001593
7.724433	0.001360	0.001582
7.730477	0.001394	0.001563
7.736522	0.000000	0.000000
7.742567	0.000000	0.000000
7.748612	0.000000	0.000000
7.754657	0.000000	0.000000
7.760701	0.000000	0.000000
7.766746	0.000000	0.000000
7.772791	0.000000	0.000000
7.778836	0.000000	0.000000
7.784880	0.000000	0.000000
7.790925	0.000000	0.000000
7.796970	0.000000	0.000000
7.803015	0.000000	0.000000
7.809060	0.000000	0.000000
7.815104	0.000000	0.000000
7.821149	0.000000	0.000000
7.827194	0.000000	0.000000
7.833239	0.000000	0.000000
7.839283	0.000000	0.000000
7.845328	0.000000	0.000000
7.851373	0.000000	0.000000
7.857418	0.000000	0.000000
7.863463	0.000000	0.000000
7.869507	0.000000	0.000000
7.875552	0.000000	0.000000
7.881597	0.000000	0.000000
7.887642	0.000000	0.000000
7.893686	0.000000	0.000000
7.899731	0.000000	0.000000
7.905776	0.000000	0.000000
7.911821	0.000000	0.000000
7.917865	0.000000	0.000000
7.923910	0.000000	0.000000
7.929955	0.000000	0.000000
7.936000	0.000000	0.000000
7.942045	0.000000	0.000000
7.948089	0.000000	0.000000
7.954134	0.000000	0.000000
7.960179	0.000000	0.000000
7.966224	0.000000	0.000000
7.972268	0.000000	0.000000
7.978313	0.000000	0.000000
7.984358	0.000000	0.000000
7.990403	0.000000	0.000000
7.996448	0.000000	0.000000
8.002492	0.000000	0.000000
8.008537	0.000000	0.000000
8.014582	0.000000	0.000000
8.020627	0.000000	0.000000
8.026671	0.000000	0.000000
8.032716	0.000000	0.000000
8.038761	0.000000	0.000000
8.044806	0.000000	0.000000
8.050851	0.000000	0.000000
8.056895	0.000000	0.000000
8.062940	0.000000	0.000000
8.068985	0.000000	0.000000
8.075030	0.000000	0.000000
8.081074	0.000000	0.000000
8.087119	0.000000	0.000000
8.093164	0.000000	0.000000
8.099209	0.000000	0.000000
8.105254	0.000000	0.000000
8.111298	0.000000	0.000000
8.117343	0.000000	0.000000
8.123388	0.000000	0.000000
8.129433	0.000000	0.000000
8.135477	0.000000	0.000000
8.141522	0.000000	0.000000
8.147567	0.000000	0.000000
8.153612	0.000000	0.000000
8.159657	0.000000	0.000000
8.165701	0.000000	0.000000
8.171746	0.000000	0.000000
8.177791	0.000000	0.000000
8.183836	0.000000	0.000000
8.189880	0.000000	0.000000
8.195925	0.000000	0.000000
8.201970	0.000000	0.000000
8.208015	0.000000	0.000000
8.214060	0.000000	0.000000
8.220104	0.000000	0.000000
8.226149	0.000000	0.000000
8.232194	0.000000	0.000000
8.238239	0.000000	0.000000
8.244283	0.000000	0.000000
8.250328	0.000000	0.000000
8.256373	0.000000	0.000000
8.262418	0.000000	0.000000
8.268463	0.000000	0.000000
8.274507	0.000000	0.000000
8.280552	0.000000	0.000000
8.286597	0.000000	0.000000
8.292642	0.000000	0.000000
8.298686	0.000000	0.000000
8.304731	0.000000	0.000000
8.310776	0.000000	0.000000
8.316821	0.000000	0.000000
8.322866	0.000000	0.000000
8.328910	0.000000	0.000000
8.334955	0.000000	0.000000
8.341000	0.000000	0.000000
8.347045	0.000000	0.000000
8.353089	0.000000	0.000000
8.359134	0.000000	0.000000
8.365179	0.000000	0.000000
8.371224	0.000000	0.000000
8.377269	0.000000	0.000000
8.383313	0.000000	0.000000
8.389358	0.000000	0.000000
8.395403	0.000000	0.000000
8.401448	0.000000	0.000000
8.407492	0.000000	0.000000
8.413537	0.000000	0.000000
8.419582	0.000000	0.000000
8.425627	0.000000	0.000000
8.431672	0.000000	0.000000
8.437716	0.000000	0.000000
8.443761	0.000000	0.000000
8.449806	0.000000	0.000000
8.455851	0.000000	0.000000
8.461895	0.000000	0.000000
8.467940	0.000000	0.000000
8.473985	0.000000	0.000000
8.480030	0.000000	0.000000
8.486075	0.000000	0.000000
8.492119	0.000000	0.000000
8.498164	0.000000	0.000000
