#Solvent Differentials
#Q(Ang^(-1)   DS/DT     DS/Drho
0.005253	0.000000	0.000000
0.011297	0.000000	0.000000
0.017342	0.000000	0.000000
0.023387	0.000000	0.000000
0.029432	0.000000	0.000000
0.035477	0.000000	0.000000
0.041521	0.000000	0.000000
0.047566	0.000000	0.000000
0.053611	0.000000	0.000000
0.059656	0.000000	0.000000
0.065700	0.000000	0.000000
0.071745	0.000000	0.000000
0.077790	0.000000	0.000000
0.083835	0.000000	0.000000
0.089880	0.000000	0.000000
0.095924	0.000000	0.000000
0.101969	0.000000	0.000000
0.108014	0.000000	0.000000
0.114059	0.000000	0.000000
0.120103	0.000000	0.000000
0.126148	0.000000	0.000000
0.132193	0.000000	0.000000
0.138238	0.000000	0.000000
0.144283	0.000000	0.000000
0.150327	0.000000	0.000000
0.156372	0.000000	0.000000
0.162417	0.000000	0.000000
0.168462	0.000000	0.000000
0.174506	0.000000	0.000000
0.180551	0.000000	0.000000
0.186596	0.000000	0.000000
0.192641	0.000000	0.000000
0.198685	0.000000	0.000000
0.204730	0.000000	0.000000
0.210775	0.000000	0.000000
0.216820	0.000000	0.000000
0.222865	0.000000	0.000000
0.228909	0.000000	0.000000
0.234954	0.000000	0.000000
0.240999	0.000000	0.000000
0.247044	0.000000	0.000000
0.253088	0.000000	0.000000
0.259133	0.000000	0.000000
0.265178	0.000000	0.000000
0.271223	0.000000	0.000000
0.277268	0.000000	0.000000
0.283312	0.000000	0.000000
0.289357	0.000000	0.000000
0.295402	0.000000	0.000000
0.301447	0.000000	0.000000
0.307491	0.000000	0.000000
0.313536	0.000000	0.000000
0.319581	0.000000	0.000000
0.325626	0.000000	0.000000
0.331671	0.000000	0.000000
0.337715	0.000000	0.000000
0.343760	0.000000	0.000000
0.349805	0.000000	0.000000
0.355850	0.000000	0.000000
0.361894	0.000000	0.000000
0.367939	-0.038670	-1.044795
0.373984	-0.074664	-1.085482
0.380029	-0.051641	-1.078604
0.386074	-0.092133	-1.122037
0.392118	-0.101533	-1.107598
0.398163	-0.069813	-1.109420
0.404208	-0.052418	-1.105839
0.410253	-0.009797	-1.074050
0.416297	-0.005577	-1.048974
0.422342	-0.023830	-1.067720
0.428387	-0.030305	-1.050423
0.434432	-0.044310	-1.056243
0.440477	-0.017196	-1.040474
0.446521	-0.032790	-1.058630
0.452566	-0.029698	-1.078267
0.458611	-0.027481	-1.073623
0.464656	-0.054587	-1.105538
0.470700	-0.038917	-1.121199
0.476745	-0.052118	-1.129271
0.482790	-0.034814	-1.156450
0.488835	-0.021985	-1.108230
0.494880	-0.026687	-1.147704
0.500924	-0.013735	-1.087287
0.506969	-0.006344	-1.122867
0.513014	-0.029041	-1.148049
0.519059	-0.016152	-1.146771
0.525103	-0.016998	-1.140406
0.531148	0.003171	-1.170944
0.537193	0.000252	-1.164340
0.543238	0.003592	-1.180596
0.549283	-0.009985	-1.193160
0.555327	0.010736	-1.176096
0.561372	0.012868	-1.188760
0.567417	0.000291	-1.194724
0.573462	0.010581	-1.177540
0.579506	0.011005	-1.154082
0.585551	0.013807	-1.175794
0.591596	0.017197	-1.175803
0.597641	0.011593	-1.190503
0.603686	0.011377	-1.186488
0.609730	0.016726	-1.208746
0.615775	0.018938	-1.203493
0.621820	0.036994	-1.187262
0.627865	0.023292	-1.196114
0.633909	0.026315	-1.208680
0.639954	0.031724	-1.230514
0.645999	0.036386	-1.198825
0.652044	0.027940	-1.218665
0.658089	0.019331	-1.218043
0.664133	0.025533	-1.227506
0.670178	0.011867	-1.243298
0.676223	0.019658	-1.225345
0.682268	0.008644	-1.265770
0.688312	0.000525	-1.274446
0.694357	0.002494	-1.294303
0.700402	0.009987	-1.306190
0.706447	0.006217	-1.308527
0.712492	0.013484	-1.325659
0.718536	0.010335	-1.316876
0.724581	0.027051	-1.317730
0.730626	0.027565	-1.324156
0.736671	0.039222	-1.325033
0.742715	0.048706	-1.347707
0.748760	0.058582	-1.342671
0.754805	0.049639	-1.378467
0.760850	0.055119	-1.388416
0.766895	0.050404	-1.409031
0.772939	0.049675	-1.414046
0.778984	0.062308	-1.424227
0.785029	0.044071	-1.454874
0.791074	0.054157	-1.465505
0.797118	0.053951	-1.468982
0.803163	0.060862	-1.469862
0.809208	0.068921	-1.483677
0.815253	0.075839	-1.500723
0.821298	0.089379	-1.518463
0.827342	0.076912	-1.539098
0.833387	0.070171	-1.559612
0.839432	0.059666	-1.576768
0.845477	0.074857	-1.611484
0.851521	0.089577	-1.624362
0.857566	0.091552	-1.616025
0.863611	0.102006	-1.639365
0.869656	0.091955	-1.657579
0.875701	0.103082	-1.675141
0.881745	0.089446	-1.681196
0.887790	0.108565	-1.712248
0.893835	0.112329	-1.750850
0.899880	0.119502	-1.760118
0.905924	0.132913	-1.792439
0.911969	0.126708	-1.829916
0.918014	0.130451	-1.882316
0.924059	0.116221	-1.921630
0.930103	0.128194	-1.941734
0.936148	0.129283	-1.961249
0.942193	0.132337	-1.988356
0.948238	0.140926	-2.019406
0.954283	0.145796	-2.080791
0.960327	0.148095	-2.119173
0.966372	0.158062	-2.156813
0.972417	0.162499	-2.226241
0.978462	0.161680	-2.278216
0.984506	0.168914	-2.353136
0.990551	0.182489	-2.376467
0.996596	0.184892	-2.459968
1.002641	0.206665	-2.496702
1.008686	0.218081	-2.565548
1.014730	0.223682	-2.627481
1.020775	0.232945	-2.708638
1.026820	0.251005	-2.759947
1.032865	0.268114	-2.814070
1.038909	0.270952	-2.888722
1.044954	0.257082	-2.970892
1.050999	0.264075	-3.053696
1.057044	0.271882	-3.139955
1.063089	0.285107	-3.210363
1.069133	0.282013	-3.343205
1.075178	0.293215	-3.415021
1.081223	0.275501	-3.498018
1.087268	0.296688	-3.585908
1.093312	0.293613	-3.669589
1.099357	0.305490	-3.745064
1.105402	0.311199	-3.846282
1.111447	0.314760	-3.927337
1.117492	0.320982	-3.983718
1.123536	0.312457	-4.074142
1.129581	0.316704	-4.117388
1.135626	0.297009	-4.137447
1.141671	0.286658	-4.138038
1.147715	0.269166	-4.157394
1.153760	0.252767	-4.129775
1.159805	0.212575	-4.092923
1.165850	0.208377	-4.012591
1.171895	0.154544	-3.899361
1.177939	0.137628	-3.735610
1.183984	0.088420	-3.547882
1.190029	0.056281	-3.299551
1.196074	0.005162	-3.000651
1.202118	-0.042865	-2.671403
1.208163	-0.100164	-2.245970
1.214208	-0.180695	-1.834849
1.220253	-0.246182	-1.307199
1.226298	-0.318943	-0.834379
1.232342	-0.365135	-0.286069
1.238387	-0.432145	0.210559
1.244432	-0.485511	0.696301
1.250477	-0.544085	1.125981
1.256521	-0.564176	1.628074
1.262566	-0.605778	2.034346
1.268611	-0.607232	2.419715
1.274656	-0.616088	2.692878
1.280701	-0.621865	2.993775
1.286745	-0.600973	3.194767
1.292790	-0.614816	3.352623
1.298835	-0.580060	3.472021
1.304880	-0.561498	3.518550
1.310924	-0.534727	3.441634
1.316969	-0.493306	3.434116
1.323014	-0.477445	3.282608
1.329059	-0.443518	3.212953
1.335104	-0.411747	3.097658
1.341148	-0.365966	2.891523
1.347193	-0.312015	2.757713
1.353238	-0.269799	2.565603
1.359283	-0.251311	2.413321
1.365327	-0.225876	2.243528
1.371372	-0.202658	2.066323
1.377417	-0.162485	1.925056
1.383462	-0.131359	1.761718
1.389507	-0.120959	1.611146
1.395551	-0.084663	1.484094
1.401596	-0.089048	1.378350
1.407641	-0.072302	1.242929
1.413686	-0.059960	1.150288
1.419730	-0.050806	1.052071
1.425775	-0.047022	0.926341
1.431820	-0.043474	0.852730
1.437865	-0.040011	0.771296
1.443910	-0.026471	0.686531
1.449954	-0.013746	0.614514
1.455999	-0.009803	0.555694
1.462044	-0.014427	0.506295
1.468089	0.001834	0.447667
1.474133	-0.016453	0.395426
1.480178	0.003471	0.357465
1.486223	0.013376	0.315482
1.492268	0.012160	0.273321
1.498313	0.024716	0.258944
1.504357	0.020236	0.207862
1.510402	0.009250	0.181877
1.516447	0.024708	0.137024
1.522492	0.031694	0.140692
1.528536	0.023237	0.104235
1.534581	0.034137	0.092359
1.540626	0.018562	0.060809
1.546671	0.022067	0.033678
1.552716	0.022088	0.031306
1.558760	0.028044	0.008983
1.564805	0.025286	-0.014725
1.570850	0.031292	-0.023847
1.576895	0.028260	-0.030888
1.582939	0.033977	-0.038090
1.588984	0.039725	-0.043222
1.595029	0.040934	-0.056831
1.601074	0.043167	-0.066108
1.607118	0.040153	-0.052674
1.613163	0.034926	-0.080941
1.619208	0.029320	-0.079909
1.625253	0.029469	-0.084634
1.631298	0.036774	-0.079655
1.637342	0.030050	-0.086321
1.643387	0.037090	-0.072018
1.649432	0.035943	-0.074147
1.655477	0.037565	-0.072451
1.661521	0.032607	-0.091071
1.667566	0.026145	-0.090866
1.673611	0.027022	-0.082454
1.679656	0.025193	-0.088972
1.685701	0.025755	-0.102931
1.691745	0.024620	-0.099888
1.697790	0.021052	-0.100032
1.703835	0.025342	-0.105641
1.709880	0.016346	-0.104331
1.715924	0.027064	-0.110008
1.721969	0.024857	-0.108673
1.728014	0.023217	-0.112627
1.734059	0.024318	-0.114137
1.740104	0.025286	-0.124046
1.746148	0.023670	-0.110238
1.752193	0.021387	-0.110869
1.758238	0.014366	-0.121992
1.764283	0.014804	-0.115858
1.770327	0.008614	-0.115313
1.776372	0.020521	-0.109300
1.782417	0.013529	-0.117638
1.788462	0.014448	-0.120080
1.794507	0.015715	-0.125091
1.800551	0.016731	-0.125473
1.806596	0.017688	-0.120999
1.812641	0.024167	-0.113262
1.818686	0.019885	-0.103847
1.824730	0.015755	-0.099281
1.830775	0.018856	-0.098800
1.836820	0.015888	-0.091951
1.842865	0.018810	-0.104327
1.848910	0.019854	-0.105238
1.854954	0.019797	-0.106523
1.860999	0.018002	-0.107051
1.867044	0.019794	-0.117711
1.873089	0.016796	-0.111553
1.879133	0.016041	-0.104486
1.885178	0.014787	-0.105267
1.891223	0.005960	-0.113150
1.897268	0.010883	-0.101854
1.903313	0.003423	-0.119106
1.909357	0.005688	-0.109435
1.915402	0.010498	-0.114203
1.921447	0.013035	-0.109893
1.927492	0.009522	-0.122266
1.933536	0.010962	-0.108543
1.939581	0.016749	-0.106994
1.945626	0.010552	-0.094241
1.951671	0.010200	-0.088114
1.957716	0.001317	-0.082675
1.963760	-0.003206	-0.086986
1.969805	-0.009416	-0.089360
1.975850	-0.000891	-0.093216
1.981895	-0.008950	-0.095065
1.987939	-0.004401	-0.093799
1.993984	-0.000068	-0.089155
2.000029	0.004596	-0.086335
2.006074	0.005863	-0.075185
2.012119	0.010486	-0.073364
2.018163	0.004861	-0.074249
2.024208	0.000609	-0.081738
2.030253	0.004366	-0.082278
2.036298	0.005256	-0.078210
2.042342	0.006989	-0.077470
2.048387	0.008209	-0.075502
2.054432	0.008183	-0.079061
2.060477	0.008546	-0.078630
2.066522	0.010449	-0.074431
2.072566	0.013750	-0.068953
2.078611	0.011968	-0.062103
2.084656	0.017304	-0.060476
2.090701	0.016291	-0.059100
2.096745	0.010776	-0.060098
2.102790	0.004888	-0.058667
2.108835	0.001585	-0.065915
2.114880	0.003161	-0.070654
2.120925	-0.003109	-0.075405
2.126969	0.009524	-0.067784
2.133014	-0.002932	-0.072661
2.139059	-0.002752	-0.080085
2.145104	0.005797	-0.072971
2.151148	0.003828	-0.087451
2.157193	0.006230	-0.082611
2.163238	0.006249	-0.089824
2.169283	0.006489	-0.085348
2.175328	0.011634	-0.075636
2.181372	0.012407	-0.065597
2.187417	0.014869	-0.053745
2.193462	0.017133	-0.055336
2.199507	0.018990	-0.060974
2.205551	0.014776	-0.069896
2.211596	0.017279	-0.064828
2.217641	0.016815	-0.070741
2.223686	0.014583	-0.081066
2.229731	0.015174	-0.070535
2.235775	0.006050	-0.087700
2.241820	0.004225	-0.076597
2.247865	0.000927	-0.081168
2.253910	-0.000274	-0.082233
2.259954	0.008296	-0.061965
2.265999	0.005405	-0.064914
2.272044	0.014156	-0.043487
2.278089	0.008399	-0.051795
2.284134	0.007517	-0.051813
2.290178	-0.006267	-0.056336
2.296223	-0.000071	-0.055312
2.302268	-0.000584	-0.059679
2.308313	0.005941	-0.065171
2.314357	0.007385	-0.055625
2.320402	0.007497	-0.061310
2.326447	0.009810	-0.051670
2.332492	0.004359	-0.064086
2.338536	0.002014	-0.053639
2.344581	0.000086	-0.055515
2.350626	-0.000574	-0.052727
2.356671	0.000919	-0.055367
2.362716	0.001075	-0.047609
2.368760	0.003069	-0.050863
2.374805	0.004040	-0.046486
2.380850	0.000420	-0.044474
2.386895	0.003561	-0.056722
2.392939	-0.002384	-0.058756
2.398984	0.002534	-0.063309
2.405029	-0.005905	-0.062121
2.411074	-0.000117	-0.059620
2.417119	-0.002824	-0.065494
2.423163	0.002378	-0.052084
2.429208	-0.002629	-0.054103
2.435253	-0.000596	-0.047858
2.441298	0.002420	-0.048024
2.447342	0.002298	-0.053772
2.453387	-0.001673	-0.051291
2.459432	-0.000708	-0.053766
2.465477	0.003706	-0.063145
2.471522	0.003134	-0.062580
2.477566	0.012410	-0.054009
2.483611	0.007564	-0.053305
2.489656	0.013700	-0.037967
2.495701	0.021762	-0.049622
2.501745	0.014517	-0.055272
2.507790	0.010425	-0.053891
2.513835	0.008436	-0.064933
2.519880	0.007829	-0.058501
2.525925	0.003366	-0.063885
2.531969	0.005803	-0.065255
2.538014	0.004549	-0.071347
2.544059	0.001270	-0.061947
2.550104	0.004176	-0.070136
2.556148	0.014017	-0.067977
2.562193	0.010066	-0.067120
2.568238	0.012064	-0.069064
2.574283	0.013338	-0.077482
2.580328	0.012257	-0.088446
2.586372	0.013916	-0.089575
2.592417	0.018386	-0.092332
2.598462	0.021424	-0.084955
2.604507	0.020149	-0.086373
2.610551	0.013683	-0.086982
2.616596	0.012248	-0.086552
2.622641	0.009903	-0.098427
2.628686	0.015347	-0.095693
2.634731	0.010907	-0.100211
2.640775	0.011442	-0.091735
2.646820	0.011645	-0.088700
2.652865	0.010780	-0.085102
2.658910	0.013786	-0.088411
2.664954	0.015816	-0.097154
2.670999	0.016158	-0.099164
2.677044	0.010249	-0.096334
2.683089	0.007959	-0.093858
2.689134	0.002750	-0.099689
2.695178	0.000407	-0.092837
2.701223	0.000568	-0.097278
2.707268	-0.001135	-0.095329
2.713313	0.002825	-0.093594
2.719357	0.001889	-0.096126
2.725402	0.009207	-0.092997
2.731447	0.007228	-0.095435
2.737492	0.016847	-0.094723
2.743537	0.013545	-0.099033
2.749581	0.007273	-0.101367
2.755626	0.010179	-0.104430
2.761671	0.006980	-0.095003
2.767716	0.007367	-0.094844
2.773760	0.010504	-0.090481
2.779805	0.010942	-0.089298
2.785850	0.006455	-0.085462
2.791895	0.008747	-0.077331
2.797940	0.004020	-0.076246
2.803984	0.011832	-0.071114
2.810029	0.009866	-0.075457
2.816074	0.012285	-0.073203
2.822119	0.009204	-0.073740
2.828163	0.002319	-0.076978
2.834208	0.005515	-0.066469
2.840253	-0.000873	-0.071230
2.846298	0.000348	-0.067820
2.852343	-0.002561	-0.067397
2.858387	-0.004577	-0.069704
2.864432	0.001856	-0.060496
2.870477	-0.000564	-0.068958
2.876522	-0.000573	-0.063491
2.882566	0.007016	-0.072224
2.888611	0.003838	-0.072655
2.894656	0.001864	-0.067644
2.900701	0.001397	-0.066518
2.906746	-0.007855	-0.073323
2.912790	-0.007074	-0.068834
2.918835	-0.001303	-0.062064
2.924880	-0.002013	-0.065174
2.930925	-0.001257	-0.070161
2.936969	-0.005809	-0.056667
2.943014	-0.008913	-0.058640
2.949059	-0.009480	-0.054894
2.955104	-0.007169	-0.055493
2.961149	-0.003438	-0.036254
2.967193	-0.004016	-0.042185
2.973238	-0.001404	-0.042436
2.979283	-0.006454	-0.048875
2.985328	-0.004209	-0.043092
2.991372	-0.006082	-0.040252
2.997417	-0.006847	-0.045099
3.003462	-0.007656	-0.046439
3.009507	-0.008077	-0.038837
3.015551	-0.004547	-0.030713
3.021596	-0.004463	-0.024624
3.027641	0.000845	-0.028166
3.033686	-0.000645	-0.021142
3.039731	0.000387	-0.019451
3.045775	-0.006655	-0.021549
3.051820	-0.001394	-0.017480
3.057865	-0.002035	-0.022443
3.063910	-0.007920	-0.023054
3.069954	-0.004429	-0.025043
3.075999	-0.005347	-0.023670
3.082044	-0.007307	-0.022056
3.088089	-0.008537	-0.018859
3.094134	-0.010658	-0.028607
3.100178	-0.010008	-0.021687
3.106223	-0.005909	-0.015227
3.112268	-0.006520	-0.022084
3.118313	-0.004967	-0.020596
3.124357	-0.005567	-0.020661
3.130402	-0.009592	-0.019900
3.136447	-0.005564	-0.019737
3.142492	-0.007170	-0.014116
3.148537	-0.004344	-0.010324
3.154581	-0.002605	-0.008081
3.160626	0.000256	-0.002487
3.166671	-0.006050	-0.008145
3.172716	-0.004199	-0.008011
3.178760	-0.009272	-0.017151
3.184805	-0.006879	-0.009126
3.190850	-0.006833	-0.013940
3.196895	-0.008991	-0.017986
3.202940	-0.008486	-0.005920
3.208984	-0.009709	-0.021212
3.215029	-0.008032	-0.018761
3.221074	-0.008743	-0.019086
3.227119	-0.007217	-0.020798
3.233163	-0.001000	-0.009441
3.239208	-0.004475	-0.011257
3.245253	-0.006831	-0.008218
3.251298	-0.001243	-0.005441
3.257343	-0.009675	-0.006512
3.263387	-0.010656	-0.002477
3.269432	-0.007206	0.000397
3.275477	-0.007911	-0.001447
3.281522	-0.009512	-0.008287
3.287566	-0.014518	-0.007611
3.293611	-0.006585	-0.011065
3.299656	-0.007870	-0.010838
3.305701	-0.001855	-0.001009
3.311746	-0.007191	-0.002610
3.317790	-0.009362	-0.005056
3.323835	-0.006875	-0.001299
3.329880	-0.009475	-0.012068
3.335925	-0.006944	-0.005969
3.341969	-0.000251	-0.002739
3.348014	-0.001416	-0.004408
3.354059	-0.004473	-0.000247
3.360104	-0.002839	-0.012588
3.366149	-0.003351	-0.007499
3.372193	-0.001067	-0.007520
3.378238	-0.002241	0.000985
3.384283	0.001985	-0.002367
3.390328	0.000690	0.005352
3.396372	-0.000213	-0.002710
3.402417	0.002624	0.000784
3.408462	0.004646	0.001653
3.414507	0.004809	-0.001309
3.420552	-0.001210	-0.002948
3.426596	-0.000360	-0.006668
3.432641	0.003785	-0.007099
3.438686	-0.000150	-0.008499
3.444731	-0.001058	-0.009295
3.450775	-0.000141	-0.014966
3.456820	-0.002615	-0.006717
3.462865	-0.003830	-0.013309
3.468910	-0.003339	-0.010950
3.474955	-0.003230	-0.011886
3.480999	0.001300	-0.010280
3.487044	-0.000396	-0.019954
3.493089	-0.001685	-0.012901
3.499134	0.000349	-0.012007
3.505178	-0.000570	-0.005683
3.511223	0.001973	-0.006246
3.517268	0.004652	-0.002285
3.523313	0.006712	-0.000746
3.529358	0.004461	-0.000511
3.535402	0.003371	0.001901
3.541447	0.000363	-0.006685
3.547492	-0.000923	-0.009885
3.553537	0.004109	-0.006364
3.559581	-0.001710	-0.009574
3.565626	-0.002229	-0.002148
3.571671	-0.004695	-0.007101
3.577716	0.001430	-0.001311
3.583761	0.002850	-0.003318
3.589805	0.000800	-0.010550
3.595850	0.004081	-0.014459
3.601895	-0.000096	-0.011242
3.607940	0.000637	-0.004941
3.613984	0.001464	-0.006943
3.620029	0.002445	-0.010386
3.626074	0.008594	-0.012388
3.632119	0.007114	-0.011384
3.638164	0.005551	-0.009837
3.644208	0.003560	-0.008518
3.650253	0.002031	-0.008749
3.656298	-0.000388	-0.009178
3.662343	-0.000005	-0.011799
3.668387	0.002858	-0.010756
3.674432	0.003917	-0.005748
3.680477	0.001106	-0.006424
3.686522	0.004287	-0.007751
3.692567	-0.000980	-0.017191
3.698611	0.000737	-0.014632
3.704656	-0.004164	-0.014835
3.710701	-0.006292	-0.020763
3.716746	-0.001879	-0.013645
3.722790	-0.002167	-0.014146
3.728835	-0.000341	-0.008480
3.734880	0.001375	-0.009938
3.740925	0.000531	-0.008670
3.746969	-0.002894	-0.015935
3.753014	-0.000250	-0.010972
3.759059	0.001714	-0.014287
3.765104	0.005282	-0.007198
3.771149	0.009096	-0.004533
3.777193	0.003510	-0.001670
3.783238	-0.000245	-0.002249
3.789283	-0.005726	-0.004742
3.795328	-0.003352	-0.010501
3.801372	-0.000460	-0.011271
3.807417	-0.000495	-0.009188
3.813462	0.001986	-0.010107
3.819507	-0.000894	-0.008618
3.825552	-0.000174	-0.004246
3.831596	0.000450	-0.000626
3.837641	0.001206	-0.002878
3.843686	0.006068	-0.005526
3.849731	0.003672	-0.010644
3.855775	0.005696	-0.005637
3.861820	0.004938	-0.010526
3.867865	0.004832	-0.012069
3.873910	0.003702	-0.014749
3.879955	0.004912	-0.012620
3.885999	0.002034	-0.009329
3.892044	0.001646	-0.009436
3.898089	0.002518	-0.007735
3.904134	0.001734	-0.009476
3.910178	-0.000584	-0.010995
3.916223	0.003664	-0.011423
3.922268	0.002375	-0.009810
3.928313	0.001752	-0.007744
3.934358	0.004607	-0.006136
3.940402	0.005742	-0.005390
3.946447	0.004615	-0.006422
3.952492	0.006685	-0.004770
3.958537	0.002916	-0.001197
3.964581	0.001334	-0.006515
3.970626	0.001358	-0.009335
3.976671	0.001177	-0.007680
3.982716	0.002589	-0.003078
3.988761	0.002345	-0.009398
3.994805	0.004248	-0.008834
4.000850	0.004360	-0.009017
4.006895	0.006621	-0.008439
4.012940	0.005186	-0.017975
4.018984	0.004795	-0.015046
4.025029	-0.000602	-0.013297
4.031074	-0.000095	-0.009872
4.037119	0.000646	-0.013825
4.043164	0.000803	-0.016287
4.049208	0.005824	-0.011345
4.055253	0.005588	-0.017029
4.061298	0.009081	-0.013050
4.067343	0.010307	-0.014080
4.073387	0.009010	-0.018564
4.079432	0.004647	-0.015168
4.085477	0.005474	-0.010900
4.091522	0.003759	-0.013403
4.097567	0.001365	-0.014799
4.103611	0.004590	-0.013699
4.109656	0.007328	-0.012624
4.115701	0.009457	-0.009392
4.121746	0.012643	-0.010401
4.127790	0.009741	-0.013343
4.133835	0.010185	-0.017637
4.139880	0.011585	-0.013333
4.145925	0.009944	-0.013656
4.151970	0.005495	-0.010989
4.158014	0.008730	-0.016730
4.164059	0.003114	-0.017368
4.170104	-0.001334	-0.021981
4.176149	0.000326	-0.024260
4.182193	0.003051	-0.024008
4.188238	0.006865	-0.021606
4.194283	0.008081	-0.022059
4.200328	0.008220	-0.020837
4.206373	0.008562	-0.018932
4.212417	0.008954	-0.015567
4.218462	0.006757	-0.018440
4.224507	0.006892	-0.016593
4.230552	0.005501	-0.018753
4.236596	0.000907	-0.021029
4.242641	-0.000292	-0.022724
4.248686	0.000187	-0.018909
4.254731	0.001211	-0.021412
4.260776	0.002655	-0.019255
4.266820	0.003088	-0.013260
4.272865	0.002705	-0.008614
4.278910	0.001774	-0.009898
4.284955	-0.002622	-0.011104
4.290999	0.001010	-0.009331
4.297044	0.004550	-0.004032
4.303089	0.005216	-0.006826
4.309134	0.002349	-0.010390
4.315179	0.002086	-0.011813
4.321223	0.000017	-0.015904
4.327268	0.001630	-0.014824
4.333313	0.003486	-0.019602
4.339358	0.002880	-0.020274
4.345402	0.005539	-0.017396
4.351447	0.007501	-0.019727
4.357492	0.011128	-0.011939
4.363537	0.010158	-0.012492
4.369582	0.009089	-0.008236
4.375626	0.004540	-0.013529
4.381671	0.005840	-0.011508
4.387716	0.009415	-0.010988
4.393761	0.007503	-0.008918
4.399805	0.003792	-0.015227
4.405850	0.003272	-0.012061
4.411895	0.001480	-0.013462
4.417940	0.003182	-0.007419
4.423984	0.000151	-0.005555
4.430029	0.002948	-0.006880
4.436074	0.009946	-0.007064
4.442119	0.009615	-0.005481
4.448164	0.008920	-0.005225
4.454208	0.009795	-0.004416
4.460253	0.003731	-0.009173
4.466298	0.000143	-0.019279
4.472343	-0.002611	-0.017897
4.478387	-0.000596	-0.012414
4.484432	-0.001728	-0.012657
4.490477	-0.000249	-0.013599
4.496522	0.000635	-0.012181
4.502567	-0.002227	-0.011491
4.508611	-0.000866	-0.009686
4.514656	0.002458	-0.007373
4.520701	0.003679	-0.009660
4.526746	0.003514	-0.009255
4.532790	0.004182	-0.006082
4.538835	0.001310	-0.010101
4.544880	-0.001011	-0.004507
4.550925	0.000417	-0.005432
4.556970	0.004716	-0.007858
4.563014	0.004321	-0.001710
4.569059	0.003824	-0.000883
4.575104	0.001199	-0.002813
4.581149	0.000357	-0.005650
4.587193	-0.002878	-0.012593
4.593238	-0.000080	-0.015920
4.599283	-0.000905	-0.022820
4.605328	0.001272	-0.017154
4.611373	-0.002505	-0.019796
4.617417	-0.000417	-0.015778
4.623462	-0.001985	-0.011760
4.629507	-0.000311	-0.007967
4.635552	-0.001729	-0.011517
4.641596	-0.002641	-0.009608
4.647641	-0.001045	-0.008254
4.653686	-0.001942	-0.014536
4.659731	0.000416	-0.011332
4.665776	0.000059	-0.008395
4.671820	-0.000866	-0.006709
4.677865	-0.000580	-0.006031
4.683910	-0.002733	-0.008921
4.689955	-0.005578	-0.006797
4.695999	-0.005795	-0.004914
4.702044	-0.003207	-0.007123
4.708089	-0.006127	-0.010915
4.714134	-0.002412	-0.006183
4.720179	0.001008	-0.003011
4.726223	0.002091	-0.000757
4.732268	0.001639	-0.002316
4.738313	-0.001837	-0.008704
4.744358	-0.007985	-0.003276
4.750402	-0.008533	-0.006406
4.756447	-0.003430	-0.006117
4.762492	-0.002914	-0.004206
4.768537	-0.001453	-0.002405
4.774582	-0.003741	-0.001683
4.780626	-0.002855	-0.001175
4.786671	-0.002222	0.002569
4.792716	0.001957	0.008345
4.798761	0.000030	0.016567
4.804805	-0.003826	0.013136
4.810850	-0.005471	0.008897
4.816895	-0.006490	-0.002331
4.822940	-0.009717	-0.004241
4.828985	-0.011128	-0.001726
4.835029	-0.011369	0.001542
4.841074	-0.008000	0.000028
4.847119	-0.008214	0.001603
4.853164	-0.005795	0.000419
4.859208	-0.007113	0.001932
4.865253	-0.009457	0.000669
4.871298	-0.008762	0.002015
4.877343	-0.004845	0.003383
4.883388	-0.002119	0.006636
4.889432	-0.001349	0.003909
4.895477	-0.004053	-0.000401
4.901522	-0.002776	0.001226
4.907567	-0.005871	-0.000798
4.913611	-0.007324	-0.001381
4.919656	-0.007034	0.007797
4.925701	-0.003306	0.009621
4.931746	-0.004745	0.010272
4.937791	-0.004755	0.013793
4.943835	-0.005556	0.012494
4.949880	-0.005835	0.009953
4.955925	-0.004842	0.007276
4.961970	-0.003792	0.004044
4.968014	-0.005434	0.003036
4.974059	-0.007350	0.005806
4.980104	-0.007719	0.009800
4.986149	-0.011686	0.009350
4.992194	-0.009298	0.008029
4.998238	-0.000890	0.015485
5.004283	-0.000795	0.017689
5.010328	0.000893	0.019042
5.016373	-0.000238	0.015500
5.022417	0.002145	0.011498
5.028462	-0.000886	0.002742
5.034507	-0.002132	0.002977
5.040552	-0.001933	0.008165
5.046597	-0.002486	0.007207
5.052641	0.000611	0.009481
5.058686	0.002975	0.005048
5.064731	-0.001051	0.006284
5.070776	-0.002601	0.005461
5.076820	-0.002491	0.010148
5.082865	-0.000526	0.012213
5.088910	0.001461	0.015657
5.094955	0.002378	0.015086
5.100999	0.001185	0.011679
5.107044	0.000599	0.010090
5.113089	-0.000089	0.012754
5.119134	-0.000188	0.014336
5.125179	0.000751	0.018337
5.131223	-0.001055	0.011922
5.137268	-0.001587	0.012250
5.143313	0.001243	0.012036
5.149358	0.002192	0.011010
5.155402	0.000505	0.013190
5.161447	0.003904	0.015721
5.167492	0.008643	0.018689
5.173537	0.006745	0.016268
5.179582	0.004591	0.010992
5.185626	0.003023	0.008507
5.191671	-0.000532	0.008981
5.197716	-0.000064	0.013872
5.203761	0.001656	0.014332
5.209805	-0.000994	0.008547
5.215850	-0.002624	0.005442
5.221895	-0.000055	0.008709
5.227940	0.000266	0.012586
5.233985	-0.001443	0.013920
5.240029	0.000998	0.013040
5.246074	0.000252	0.009118
5.252119	0.000516	0.004962
5.258164	0.002793	0.005309
5.264208	0.005012	0.011257
5.270253	0.005575	0.010355
5.276298	0.001026	0.009918
5.282343	0.001398	0.008446
5.288388	0.003469	0.009666
5.294432	0.003045	0.011708
5.300477	0.000295	0.009329
5.306522	0.005076	0.008565
5.312567	0.005087	0.010838
5.318611	0.003608	0.007093
5.324656	-0.000026	0.006111
5.330701	-0.000878	0.007720
5.336746	0.002740	0.012884
5.342791	0.002196	0.010966
5.348835	-0.000786	0.004350
5.354880	0.000409	0.000970
5.360925	0.001695	0.001853
5.366970	0.002780	0.002751
5.373014	0.005962	0.008309
5.379059	0.004489	0.011791
5.385104	0.005255	0.006884
5.391149	0.001276	0.005122
5.397194	0.004900	0.005510
5.403238	0.003234	0.001877
5.409283	0.004837	0.002288
5.415328	0.004314	0.006370
5.421373	0.001048	0.006895
5.427417	0.003272	0.005365
5.433462	0.002914	-0.000048
5.439507	0.007577	0.003445
5.445552	0.007694	0.001146
5.451597	0.005891	0.003148
5.457641	0.003889	0.002538
5.463686	0.000309	-0.002174
5.469731	0.002407	0.002683
5.475776	0.004861	0.002776
5.481820	0.003456	-0.001390
5.487865	0.001837	-0.000114
5.493910	0.002813	-0.000582
5.499955	0.001546	-0.000440
5.506000	0.002405	-0.001909
5.512044	0.000763	-0.004060
5.518089	0.004175	-0.002744
5.524134	0.005322	-0.002260
5.530179	0.005199	-0.003117
5.536223	0.002413	-0.005690
5.542268	0.002215	-0.003991
5.548313	0.003861	-0.003445
5.554358	0.004672	0.000103
5.560403	0.005575	0.003570
5.566447	0.005952	0.005645
5.572492	0.008891	0.007091
5.578537	0.007032	0.007514
5.584582	0.004385	0.007790
5.590626	0.006094	0.005601
5.596671	0.004424	0.000116
5.602716	0.002309	-0.002711
5.608761	0.001928	-0.001256
5.614806	0.003673	-0.000341
5.620850	0.006029	0.004354
5.626895	0.003575	0.003385
5.632940	0.002306	-0.000254
5.638985	0.001960	-0.001981
5.645029	0.001990	-0.001883
5.651074	0.001749	0.001256
5.657119	0.003254	0.000375
5.663164	0.000597	-0.002845
5.669209	-0.002894	-0.009084
5.675253	-0.002928	-0.009390
5.681298	-0.000624	-0.006923
5.687343	-0.001362	-0.003417
5.693388	-0.002587	-0.006576
5.699432	-0.001962	-0.005498
5.705477	0.000772	-0.004861
5.711522	0.000772	-0.010159
5.717567	0.001913	-0.010602
5.723612	0.000268	-0.009117
5.729656	-0.001714	-0.002335
5.735701	-0.000714	0.000469
5.741746	-0.001033	0.000122
5.747791	-0.001216	0.000378
5.753835	-0.001896	-0.002299
5.759880	-0.000716	-0.003337
5.765925	0.000843	-0.003908
5.771970	0.003515	-0.002403
5.778015	0.006446	-0.001959
5.784059	0.004771	-0.002153
5.790104	0.000711	-0.005439
5.796149	0.001819	-0.007372
5.802194	-0.000368	-0.007762
5.808238	0.000631	-0.009458
5.814283	-0.002999	-0.004739
5.820328	-0.003436	-0.003276
5.826373	0.001078	-0.001444
5.832417	0.002769	-0.004749
5.838462	0.003154	-0.001927
5.844507	0.001249	-0.001628
5.850552	0.000540	-0.004151
5.856597	0.004479	0.001021
5.862641	0.004123	0.007628
5.868686	0.002238	0.007177
5.874731	0.002284	0.008083
5.880776	-0.003642	0.003772
5.886820	-0.005350	0.005142
5.892865	-0.006347	0.002426
5.898910	-0.004852	-0.001280
5.904955	-0.001597	-0.001043
5.911000	-0.001085	-0.002519
5.917044	0.000063	0.000111
5.923089	-0.004409	-0.006002
5.929134	-0.005381	-0.006077
5.935179	-0.004765	-0.004317
5.941223	-0.004255	-0.003890
5.947268	-0.004832	-0.001992
5.953313	-0.004850	-0.004863
5.959358	-0.003271	-0.007597
5.965403	0.000039	-0.003908
5.971447	-0.001173	0.002778
5.977492	0.000269	0.008211
5.983537	-0.001607	0.004640
5.989582	0.001793	0.003929
5.995626	0.002800	0.003008
6.001671	0.001921	0.001524
6.007716	-0.000407	0.000078
6.013761	-0.000225	0.002454
6.019806	-0.000230	0.000126
6.025850	-0.000390	0.001202
6.031895	-0.001547	-0.002278
6.037940	0.001170	-0.002797
6.043985	0.005104	0.001867
6.050029	0.003655	-0.002731
6.056074	-0.002742	0.000237
6.062119	-0.000788	-0.000972
6.068164	-0.002267	-0.003013
6.074209	-0.002479	0.000763
6.080253	-0.003540	0.000177
6.086298	0.000185	0.004722
6.092343	-0.004336	0.003870
6.098388	-0.003190	0.004267
6.104432	-0.003616	0.002693
6.110477	-0.003344	0.001959
6.116522	-0.004889	0.002645
6.122567	-0.002347	0.000451
6.128612	-0.000397	-0.003059
6.134656	-0.002785	-0.002551
6.140701	-0.001663	-0.004404
6.146746	0.000734	0.000071
6.152791	0.002427	-0.004467
6.158835	0.000743	-0.007561
6.164880	0.001521	-0.008001
6.170925	-0.002263	-0.003372
6.176970	-0.002556	-0.007757
6.183015	0.004519	-0.010117
6.189059	0.002861	-0.007114
6.195104	-0.000485	-0.001976
6.201149	-0.002981	0.002063
6.207194	-0.001892	0.004820
6.213238	-0.000461	0.001363
6.219283	-0.002005	-0.000285
6.225328	-0.004804	-0.002808
6.231373	-0.004438	-0.005359
6.237418	-0.006337	-0.004494
6.243462	-0.001776	-0.000255
6.249507	0.003561	0.004303
6.255552	0.001774	0.007231
6.261597	0.001203	0.000820
6.267641	0.002706	-0.004568
6.273686	0.004252	-0.002942
6.279731	0.005260	-0.001819
6.285776	0.004543	-0.000504
6.291821	0.004833	0.003984
6.297865	0.004202	0.002084
6.303910	0.000542	0.000744
6.309955	-0.002375	0.005128
6.316000	-0.002994	0.006258
6.322044	0.000467	0.001957
6.328089	0.001884	0.000195
6.334134	0.004332	-0.005433
6.340179	0.000632	-0.006659
6.346224	0.001101	-0.008207
6.352268	-0.000037	-0.005214
6.358313	0.001756	-0.001861
6.364358	0.004438	-0.000490
6.370403	0.000045	0.002402
6.376447	-0.000713	0.005361
6.382492	-0.002032	0.005912
6.388537	0.000422	0.006923
6.394582	-0.001305	0.007223
6.400627	0.001360	0.008810
6.406671	0.000474	0.009339
6.412716	0.001529	0.006521
6.418761	-0.002506	0.004788
6.424806	0.000387	0.005505
6.430850	0.002125	0.008328
6.436895	0.004217	0.008157
6.442940	0.000702	0.007298
6.448985	-0.001881	0.004211
6.455030	-0.003428	0.002144
6.461074	-0.003297	0.002743
6.467119	0.002320	0.001906
6.473164	0.006603	0.002133
6.479209	0.003113	-0.004697
6.485253	0.000102	-0.007225
6.491298	-0.000610	-0.006159
6.497343	-0.000157	-0.009304
6.503388	-0.002103	-0.005233
6.509432	-0.003856	-0.000998
6.515477	-0.005358	0.004113
6.521522	-0.001594	0.002411
6.527567	0.002359	0.005917
6.533612	0.002789	0.008546
6.539656	-0.000303	0.003434
6.545701	-0.002572	-0.001936
6.551746	0.000655	0.003603
6.557791	0.003491	0.004456
6.563835	0.001438	0.005889
6.569880	-0.002937	-0.000292
6.575925	-0.002935	0.000651
6.581970	-0.001064	0.001674
6.588015	-0.003477	-0.002453
6.594059	-0.004332	-0.004226
6.600104	-0.006301	-0.006356
6.606149	-0.000193	-0.004074
6.612194	-0.002684	-0.003077
6.618238	-0.005826	-0.006496
6.624283	0.001225	0.006654
6.630328	0.001616	0.006334
6.636373	-0.001386	-0.001134
6.642418	-0.005338	-0.004810
6.648462	-0.004096	-0.000401
6.654507	0.000568	0.000143
6.660552	-0.001525	-0.004543
6.666597	0.002444	-0.002951
6.672641	0.003276	0.000408
6.678686	0.000057	0.002047
6.684731	-0.001486	-0.001841
6.690776	-0.005728	-0.005772
6.696821	-0.016446	-0.004077
6.702865	-0.010008	-0.008003
6.708910	-0.004314	-0.004787
6.714955	-0.004194	-0.002346
6.721000	0.000943	0.001118
6.727044	0.000925	-0.001230
6.733089	-0.002261	-0.000063
6.739134	-0.000629	0.003093
6.745179	-0.001457	0.005271
6.751224	0.001637	0.002445
6.757268	0.004570	0.008540
6.763313	0.002272	0.008243
6.769358	0.001391	0.007078
6.775403	0.003473	-0.000495
6.781447	-0.000791	-0.004217
6.787492	-0.000941	-0.001141
6.793537	-0.005811	0.001873
6.799582	-0.006465	-0.001067
6.805627	-0.002883	-0.001560
6.811671	0.004932	0.001500
6.817716	0.002606	-0.001537
6.823761	0.000343	0.002869
6.829806	-0.000564	-0.000596
6.835850	-0.001855	0.001514
6.841895	0.000717	-0.000044
6.847940	-0.001469	-0.005006
6.853985	-0.002466	0.000678
6.860030	-0.001233	-0.000013
6.866074	-0.001476	-0.000817
6.872119	0.002143	-0.004509
6.878164	0.004513	-0.007665
6.884209	0.002023	-0.008277
6.890253	-0.003715	-0.005988
6.896298	-0.002028	-0.003147
6.902343	-0.003799	0.001671
6.908388	-0.004926	0.002333
6.914433	-0.001457	-0.000024
6.920477	0.000232	0.001351
6.926522	-0.001657	-0.002016
6.932567	-0.002768	0.003037
6.938612	-0.001306	-0.000707
6.944656	-0.004023	-0.001112
6.950701	-0.003031	-0.001760
6.956746	-0.006151	-0.006993
6.962791	-0.007176	-0.012374
6.968836	-0.001912	-0.011255
6.974880	0.001510	-0.006666
6.980925	-0.000003	-0.004142
6.986970	-0.005004	-0.006870
6.993015	-0.003146	-0.004113
6.999059	0.000428	-0.005230
7.005104	0.001569	-0.002320
7.011149	-0.005096	-0.003763
7.017194	-0.005195	0.002447
7.023239	-0.006292	0.008271
7.029283	-0.002511	0.009867
7.035328	-0.001461	0.005666
7.041373	0.000748	0.000771
7.047418	0.000387	0.001314
7.053462	0.000913	0.000894
7.059507	0.002852	-0.000770
7.065552	-0.000574	-0.005471
7.071597	-0.002182	-0.016703
7.077642	-0.001171	-0.016468
7.083686	-0.004022	-0.007639
7.089731	-0.005040	-0.002604
7.095776	-0.005739	-0.005763
7.101821	0.001965	-0.004111
7.107865	0.006010	-0.002957
7.113910	0.008500	0.001650
7.119955	0.000898	-0.004751
7.126000	0.001340	-0.004586
7.132045	0.003405	-0.002743
7.138089	0.004259	0.002148
7.144134	-0.000992	0.002454
7.150179	-0.002561	0.002598
7.156224	0.001418	0.000634
7.162268	0.006046	0.001492
7.168313	0.003505	0.002443
7.174358	-0.000727	0.001614
7.180403	-0.001254	-0.007591
7.186448	0.000892	-0.004464
7.192492	-0.000364	-0.007301
7.198537	0.002566	-0.005230
7.204582	0.003286	0.002304
7.210627	0.000350	0.005528
7.216671	-0.001548	0.001981
7.222716	-0.000943	0.004484
7.228761	-0.000809	0.004447
7.234806	0.000852	-0.001151
7.240850	0.000524	0.004919
7.246895	-0.000289	0.013536
7.252940	-0.004337	0.004486
7.258985	-0.002956	0.001178
7.265030	0.000293	0.000130
7.271074	0.007784	0.003414
7.277119	0.006722	0.003486
7.283164	0.002323	0.002102
7.289209	0.000035	0.002680
7.295253	-0.001943	-0.002952
7.301298	-0.001117	0.002896
7.307343	-0.002068	0.001020
7.313388	-0.001288	-0.001643
7.319433	0.001222	0.002410
7.325477	0.003154	0.000993
7.331522	0.002275	0.007055
7.337567	0.001247	0.010454
7.343612	-0.004055	0.002957
7.349656	-0.007947	-0.007592
7.355701	-0.001941	-0.005639
7.361746	0.001234	-0.003173
7.367791	0.000334	0.002795
7.373836	0.000184	0.011371
7.379880	0.000382	0.015013
7.385925	-0.002229	0.014121
7.391970	0.002699	0.007499
7.398015	-0.002433	0.001280
7.404059	0.000294	0.008354
7.410104	0.003449	0.002704
7.416149	0.003017	0.001522
7.422194	0.006593	-0.000893
7.428239	0.001650	-0.009170
7.434283	0.000486	-0.003865
7.440328	-0.002869	-0.000904
7.446373	0.003553	-0.004517
7.452418	0.000589	0.003887
7.458462	0.004101	0.004217
7.464507	0.003633	-0.004604
7.470552	0.004296	0.001225
7.476597	0.002195	-0.003101
7.482642	0.003660	-0.006840
7.488686	-0.000747	-0.000511
7.494731	0.003761	0.012268
7.500776	0.004842	0.004232
7.506821	0.002608	0.004584
7.512865	0.002674	0.003093
7.518910	-0.000959	-0.001130
7.524955	0.001456	0.006700
7.531000	-0.002976	0.004364
7.537045	-0.002683	-0.004130
7.543089	-0.003738	-0.013899
7.549134	-0.001122	-0.009967
7.555179	0.007737	0.002413
7.561224	0.010136	0.009949
7.567268	0.008007	0.010779
7.573313	0.005669	0.009294
7.579358	0.000492	0.006752
7.585403	-0.001532	0.005304
7.591448	-0.003521	-0.005392
7.597492	-0.004689	-0.001175
7.603537	0.002758	0.009032
7.609582	0.002443	0.005094
7.615627	-0.003735	-0.002101
7.621671	0.003694	-0.005506
7.627716	-0.000920	-0.011328
7.633761	-0.000737	-0.005046
7.639806	-0.002594	-0.008321
7.645851	-0.003918	-0.004867
7.651895	-0.004233	0.000919
7.657940	-0.005510	0.000725
7.663985	-0.004806	-0.007100
7.670030	-0.005921	-0.006610
7.676074	0.001553	-0.004728
7.682119	0.000560	0.001767
7.688164	0.007498	0.015621
7.694209	0.003893	0.013783
7.700254	0.005762	0.009470
7.706298	0.000863	0.000817
7.712343	-0.001482	-0.002412
7.718388	0.004229	-0.004593
7.724433	0.004182	0.002780
7.730477	-0.001289	0.000658
7.736522	0.000000	0.000000
7.742567	0.000000	0.000000
7.748612	0.000000	0.000000
7.754657	0.000000	0.000000
7.760701	0.000000	0.000000
7.766746	0.000000	0.000000
7.772791	0.000000	0.000000
7.778836	0.000000	0.000000
7.784880	0.000000	0.000000
7.790925	0.000000	0.000000
7.796970	0.000000	0.000000
7.803015	0.000000	0.000000
7.809060	0.000000	0.000000
7.815104	0.000000	0.000000
7.821149	0.000000	0.000000
7.827194	0.000000	0.000000
7.833239	0.000000	0.000000
7.839283	0.000000	0.000000
7.845328	0.000000	0.000000
7.851373	0.000000	0.000000
7.857418	0.000000	0.000000
7.863463	0.000000	0.000000
7.869507	0.000000	0.000000
7.875552	0.000000	0.000000
7.881597	0.000000	0.000000
7.887642	0.000000	0.000000
7.893686	0.000000	0.000000
7.899731	0.000000	0.000000
7.905776	0.000000	0.000000
7.911821	0.000000	0.000000
7.917865	0.000000	0.000000
7.923910	0.000000	0.000000
7.929955	0.000000	0.000000
7.936000	0.000000	0.000000
7.942045	0.000000	0.000000
7.948089	0.000000	0.000000
7.954134	0.000000	0.000000
7.960179	0.000000	0.000000
7.966224	0.000000	0.000000
7.972268	0.000000	0.000000
7.978313	0.000000	0.000000
7.984358	0.000000	0.000000
7.990403	0.000000	0.000000
7.996448	0.000000	0.000000
8.002492	0.000000	0.000000
8.008537	0.000000	0.000000
8.014582	0.000000	0.000000
8.020627	0.000000	0.000000
8.026671	0.000000	0.000000
8.032716	0.000000	0.000000
8.038761	0.000000	0.000000
8.044806	0.000000	0.000000
8.050851	0.000000	0.000000
8.056895	0.000000	0.000000
8.062940	0.000000	0.000000
8.068985	0.000000	0.000000
8.075030	0.000000	0.000000
8.081074	0.000000	0.000000
8.087119	0.000000	0.000000
8.093164	0.000000	0.000000
8.099209	0.000000	0.000000
8.105254	0.000000	0.000000
8.111298	0.000000	0.000000
8.117343	0.000000	0.000000
8.123388	0.000000	0.000000
8.129433	0.000000	0.000000
8.135477	0.000000	0.000000
8.141522	0.000000	0.000000
8.147567	0.000000	0.000000
8.153612	0.000000	0.000000
8.159657	0.000000	0.000000
8.165701	0.000000	0.000000
8.171746	0.000000	0.000000
8.177791	0.000000	0.000000
8.183836	0.000000	0.000000
8.189880	0.000000	0.000000
8.195925	0.000000	0.000000
8.201970	0.000000	0.000000
8.208015	0.000000	0.000000
8.214060	0.000000	0.000000
8.220104	0.000000	0.000000
8.226149	0.000000	0.000000
8.232194	0.000000	0.000000
8.238239	0.000000	0.000000
8.244283	0.000000	0.000000
8.250328	0.000000	0.000000
8.256373	0.000000	0.000000
8.262418	0.000000	0.000000
8.268463	0.000000	0.000000
8.274507	0.000000	0.000000
8.280552	0.000000	0.000000
8.286597	0.000000	0.000000
8.292642	0.000000	0.000000
8.298686	0.000000	0.000000
8.304731	0.000000	0.000000
8.310776	0.000000	0.000000
8.316821	0.000000	0.000000
8.322866	0.000000	0.000000
8.328910	0.000000	0.000000
8.334955	0.000000	0.000000
8.341000	0.000000	0.000000
8.347045	0.000000	0.000000
8.353089	0.000000	0.000000
8.359134	0.000000	0.000000
8.365179	0.000000	0.000000
8.371224	0.000000	0.000000
8.377269	0.000000	0.000000
8.383313	0.000000	0.000000
8.389358	0.000000	0.000000
8.395403	0.000000	0.000000
8.401448	0.000000	0.000000
8.407492	0.000000	0.000000
8.413537	0.000000	0.000000
8.419582	0.000000	0.000000
8.425627	0.000000	0.000000
8.431672	0.000000	0.000000
8.437716	0.000000	0.000000
8.443761	0.000000	0.000000
8.449806	0.000000	0.000000
8.455851	0.000000	0.000000
8.461895	0.000000	0.000000
8.467940	0.000000	0.000000
8.473985	0.000000	0.000000
8.480030	0.000000	0.000000
8.486075	0.000000	0.000000
8.492119	0.000000	0.000000
8.498164	0.000000	0.000000
